1 2 0.270377
1 23 0.219078
1 25 0.2675
2 163 0.404933
2 439 0.380826
2 1 0.270377
3 255 0.412373
3 462 0.219793
3 963 0.261839
4 128 0.477968
4 581 0.268474
4 3 0.126264
5 6 0.382657
5 22 0.221228
5 736 0.300429
6 5 0.382657
6 43 0.213949
6 17 0.316224
7 240 0.53048
7 432 0.405113
7 233 0.583429
8 707 0.2763
8 70 0.268481
8 1240 0.299632
9 108 0.2594
9 361 0.253797
9 211 0.31754
10 2457 0.219925
10 13 0.257375
10 115 0.229639
11 601 0.341852
11 661 0.431175
11 904 0.350492
12 1459 0.158442
12 734 0.171499
12 2029 0.208979
13 18 0.27838
13 10 0.257375
13 1118 0.24567
14 36 0.575017
14 31 0.5191
14 303 0.474652
15 766 0.236856
15 26 0.302597
15 1126 0.269279
16 132 0.282554
16 28 0.265462
16 939 0.203726
17 6 0.316224
17 381 0.233087
17 140 0.308556
18 1626 0.255342
18 3118 0.251089
18 13 0.27838
19 737 0.3343
19 808 0.355092
19 149 0.543047
20 629 0.426339
20 67 0.547706
20 455 0.346856
21 1794 0.212533
21 1859 0.223062
21 48 0.260298
22 5 0.221228
22 17 0.125745
22 24 0.397239
23 40 0.352656
23 15 0.220867
23 1 0.219078
24 74 0.242377
24 960 0.162788
24 22 0.397239
25 243 0.25895
25 26 0.223349
25 1 0.2675
26 25 0.223349
26 15 0.302597
26 46 0.361434
27 83 0.459772
27 1151 0.210171
27 332 0.241348
28 2193 0.253045
28 16 0.265462
28 1941 0.253045
29 1143 0.301559
29 926 0.470958
29 810 0.347001
30 1 0.214524
30 181 0.326557
30 312 0.242393
31 202 0.28203
31 36 0.42799
31 14 0.5191
32 671 0.220763
32 214 0.362397
32 1068 0.208756
33 418 0.272259
33 108 0.319464
33 8 0.265055
34 1782 0.288837
34 3729 0.178331
34 936 0.217058
35 3564 0.275705
35 1200 0.34605
35 2147 0.361678
36 303 0.608103
36 314 0.485965
36 14 0.575017
37 51 0.322674
37 48 0.309882
37 41 0.452389
38 893 0.336975
38 95 0.369141
38 702 0.42963
39 628 0.517369
39 1061 0.443961
39 1638 0.326095
40 23 0.352656
40 1281 0.220433
40 102 0.34396
41 82 0.341557
41 37 0.452389
41 143 0.455001
42 1308 0.333697
42 1392 0.376761
42 1278 0.398726
43 6 0.213949
43 2842 0.200944
43 5 0.214288
44 301 0.485513
44 1755 0.214461
44 373 0.318387
45 1319 0.352575
45 1609 0.267695
45 1176 0.429141
46 26 0.361434
46 244 0.238131
46 3653 0.224306
47 780 0.44015
47 1025 0.244453
47 708 0.525561
48 21 0.260298
48 37 0.309882
48 1465 0.213201
49 718 0.503405
49 1999 0.346787
49 1911 0.239885
50 247 0.2112
50 1958 0.197153
50 9775 0.145607
51 230 0.355171
51 37 0.322674
51 78 0.298614
52 4461 0.18645
52 271 0.224772
52 57 0.333009
53 2042 0.21976
53 155 0.409104
53 5182 0.240594
54 1516 0.356291
54 1250 0.455768
54 79 0.25066
55 2637 0.435584
55 2739 0.339979
55 212 0.281721
56 1020 0.573944
56 53 0.178772
56 1351 0.348466
57 52 0.333009
57 271 0.445012
57 114 0.371355
58 1427 0.28444
58 93 0.353271
58 387 0.237239
59 259 0.255155
59 282 0.237552
59 17 0.218069
60 1569 0.331688
60 367 0.416678
60 312 0.417166
61 490 0.268827
61 765 0.266754
61 634 0.389195
62 176 0.276242
62 148 0.539978
62 658 0.283164
63 983 0.237078
63 1642 0.178307
63 899 0.179287
64 127 0.220631
64 657 0.170548
64 579 0.299751
65 1163 0.204528
65 2177 0.409075
65 426 0.196595
66 296 0.2354
66 1474 0.234195
66 236 0.362103
67 455 0.659286
67 629 0.468907
67 20 0.547706
68 1238 0.373632
68 2399 0.346122
68 845 0.296553
69 106 0.142833
69 234 0.266839
69 519 0.138907
70 33 0.25569
70 605 0.255841
70 8 0.268481
71 627 0.252833
71 146 0.243431
71 1530 0.252646
72 2397 0.205597
72 53 0.217947
72 155 0.405538
73 3 0.113592
73 112 0.151026
73 81 0.320449
74 2877 0.246045
74 175 0.294347
74 410 0.312571
75 1538 0.227962
75 1713 0.209335
75 9685 0.175142
76 1722 0.513504
76 3155 0.291386
76 2792 0.429057
77 43 0.176534
77 2109 0.155543
77 3240 0.179605
78 183 0.279196
78 230 0.575388
78 51 0.298614
79 2223 0.284761
79 1940 0.300312
79 248 0.3633
80 729 0.303726
80 1347 0.279823
80 1017 0.211467
81 73 0.320449
81 450 0.289693
81 112 0.245645
82 143 0.375244
82 512 0.423702
82 346 0.456134
83 221 0.281345
83 1181 0.267109
83 27 0.459772
84 4589 0.209344
84 198 0.384089
84 1983 0.189358
85 3136 0.186052
85 4353 0.294174
85 549 0.218619
86 675 0.4166
86 334 0.254857
86 136 0.318374
87 984 0.320435
87 395 0.233074
87 1395 0.214286
88 353 0.141591
88 5780 0.19696
88 107 0.268728
89 2841 0.26968
89 1537 0.264339
89 349 0.256892
90 891 0.427669
90 6463 0.170941
90 2350 0.161165
91 622 0.193582
91 229 0.229062
91 486 0.189374
92 1797 0.321863
92 2188 0.405442
92 5326 0.238909
93 2158 0.206411
93 1310 0.288782
93 58 0.353271
94 1849 0.242536
94 374 0.288897
94 7 0.260175
95 451 0.395447
95 192 0.540918
95 38 0.369141
96 410 0.321757
96 648 0.425017
96 267 0.252578
97 2489 0.169791
97 748 0.152476
97 2587 0.212238
98 3971 0.228665
98 1134 0.269069
98 3089 0.417483
99 2657 0.19574
99 237 0.237542
99 471 0.186467
100 303 0.376749
100 14 0.317238
100 351 0.427122
101 3119 0.223152
101 3293 0.246932
101 14083 0.206598
102 40 0.34396
102 1084 0.278019
102 23 0.187176
103 602 0.189123
103 1002 0.191083
103 4012 0.191083
104 3077 0.279543
104 1056 0.370899
104 872 0.411159
105 188 0.273699
105 578 0.223953
105 1954 0.25049
106 2219 0.317821
106 2232 0.232104
106 2166 0.369274
107 2755 0.422543
107 6439 0.341096
107 88 0.268728
108 33 0.319464
108 418 0.32062
108 1059 0.336105
109 2557 0.348025
109 816 0.304852
109 1837 0.304408
110 2144 0.389249
110 1789 0.445722
110 3865 0.239357
111 1590 0.279543
111 698 0.308132
111 667 0.282501
112 603 0.422224
112 81 0.245645
112 767 0.225593
113 484 0.230978
113 531 0.467185
113 883 0.31102
114 1044 0.397218
114 138 0.385
114 57 0.371355
115 3500 0.355409
115 1031 0.273594
115 7036 0.290191
116 8000 0.259437
116 3778 0.30697
116 6738 0.27735
117 335 0.400012
117 346 0.220195
117 405 0.220197
118 1309 0.235008
118 2275 0.171499
118 473 0.462594
119 323 0.37603
119 199 0.57431
119 176 0.154945
120 5147 0.207257
120 4874 0.253837
120 3573 0.256865
121 268 0.282044
121 4488 0.287361
121 4482 0.21727
122 1617 0.559431
122 3573 0.213003
122 1902 0.362662
123 917 0.463905
123 1614 0.404916
123 2743 0.361293
124 2326 0.394771
124 5792 0.284901
124 3189 0.232621
125 477 0.266439
125 1986 0.359329
125 4886 0.245737
126 3598 0.279145
126 7968 0.178174
126 7494 0.218218
127 64 0.220631
127 1050 0.333333
127 713 0.285774
128 581 0.556349
128 4 0.477968
128 598 0.155902
129 2052 0.355335
129 5776 0.142134
129 4334 0.100504
130 162 0.236698
130 34 0.175282
130 24 0.106839
131 6252 0.204124
131 2552 0.180422
131 824 0.327895
132 700 0.583589
132 939 0.592664
132 281 0.513298
133 395 0.343738
133 2895 0.343586
133 206 0.544798
134 1095 0.411488
134 710 0.404063
134 618 0.358109
135 2899 0.139347
135 569 0.231887
135 173 0.346228
136 2000 0.213201
136 1875 0.323048
136 86 0.318374
137 1453 0.362528
137 690 0.379503
137 6329 0.260407
138 114 0.385
138 238 0.379382
138 1268 0.32075
139 638 0.614919
139 359 0.14593
139 944 0.303466
140 10316 0.138675
140 562 0.11094
140 17 0.308556
141 1135 0.416933
141 1090 0.288675
141 1934 0.222222
142 1067 0.267812
142 2417 0.265543
142 1284 0.257496
143 41 0.455001
143 1811 0.497305
143 346 0.528369
144 1689 0.247712
144 204 0.241251
144 124 0.205392
145 5890 0.301893
145 4123 0.352208
145 2562 0.245514
146 2346 0.324247
146 71 0.243431
146 417 0.301711
147 68 0.264702
147 845 0.387535
147 5245 0.255031
148 658 0.492704
148 280 0.421927
148 62 0.539978
149 1803 0.48801
149 19 0.543047
149 808 0.587137
150 7537 0.365791
150 3656 0.378527
150 7935 0.325014
151 6762 0.312348
151 1134 0.129944
151 441 0.110432
152 2421 0.312984
152 7618 0.285714
152 7287 0.247436
153 6316 0.23094
153 173 0.0936329
153 3095 0.11547
154 2483 0.255655
154 5797 0.271163
154 3873 0.28122
155 1757 0.213049
155 53 0.409104
155 72 0.405538
156 3438 0.3
156 8038 0.25
156 4939 0.282843
157 1055 0.378543
157 315 0.766598
157 539 0.590748
158 25123 0.208514
158 500 0.178319
158 427 0.193601
159 2110 0.201456
159 3144 0.252262
159 185 0.223833
160 1382 0.277778
160 3716 0.175682
160 5642 0.157135
161 1576 0.37759
161 2523 0.462126
161 940 0.286517
162 130 0.236698
162 3530 0.202031
162 1311 0.246183
163 99 0.169114
163 2 0.404933
163 439 0.482141
164 355 0.378382
164 3832 0.148921
164 7693 0.120483
165 2537 0.345033
165 781 0.302614
165 486 0.379088
166 7803 0.256074
166 6359 0.256074
166 2250 0.176242
167 10686 0.191273
167 5511 0.244451
167 1280 0.29308
168 3100 0.242933
168 7553 0.221766
168 2764 0.271607
169 1272 0.223607
169 6005 0.176777
169 5455 0.176777
170 665 0.245763
170 1073 0.338241
170 274 0.291198
171 2169 0.246718
171 2090 0.532971
171 9381 0.208514
172 622 0.19696
172 405 0.301672
172 486 0.161295
173 207 0.19483
173 2030 0.211072
173 135 0.346228
174 3680 0.336752
174 589 0.186499
174 5389 0.304604
175 1153 0.333148
175 74 0.294347
175 4897 0.291386
176 184 0.310998
176 289 0.448435
176 148 0.303513
177 561 0.176777
177 878 0.232104
177 598 0.19245
178 4213 0.220863
178 1364 0.166957
178 5020 0.191273
179 2318 0.212121
179 673 0.335304
179 8666 0.201008
180 2685 0.259238
180 6568 0.269408
180 2299 0.321288
181 217 0.145363
181 3075 0.255377
181 30 0.326557
182 6651 0.166812
182 1303 0.206419
182 956 0.375326
183 78 0.279196
183 938 0.469676
183 1872 0.252982
184 738 0.362448
184 289 0.491639
184 464 0.5941
185 1045 0.409087
185 479 0.280263
185 2613 0.239457
186 703 0.339066
186 1006 0.45819
186 626 0.544388
187 593 0.191675
187 352 0.164581
187 386 0.160433
188 482 0.265781
188 105 0.273699
188 578 0.203398
189 2190 0.334325
189 896 0.170716
189 304 0.296348
190 1439 0.293689
190 360 0.532072
190 3998 0.252101
191 326 0.2033
191 1793 0.287183
191 2142 0.203069
192 1221 0.142314
192 95 0.540918
192 451 0.467498
193 3871 0.286132
193 7214 0.324443
193 3281 0.327805
194 5564 0.255031
194 4994 0.468521
194 7543 0.246932
195 7629 0.34641
195 6270 0.464758
195 6661 0.416333
196 2063 0.198137
196 1129 0.15133
196 5402 0.142675
197 1624 0.161515
197 1942 0.212814
197 1522 0.210675
198 286 0.273091
198 84 0.384089
198 142 0.212026
199 419 0.344464
199 323 0.712501
199 119 0.57431
200 4895 0.218218
200 3896 0.392792
200 4292 0.338062
201 3513 0.43082
201 1563 0.437079
201 3029 0.41275
202 31 0.28203
202 241 0.533419
202 858 0.305523
203 9605 0.215308
203 5972 0.162758
203 347 0.284826
204 144 0.241251
204 1844 0.150893
204 501 0.225991
205 338 0.311832
205 1720 0.473286
205 2959 0.356417
206 465 0.358974
206 2895 0.475602
206 133 0.544798
207 2470 0.12356
207 173 0.19483
207 807 0.415966
208 1561 0.300871
208 1364 0.376089
208 235 0.165714
209 5520 0.176261
209 2119 0.176261
209 1401 0.148544
210 2588 0.357295
210 2841 0.387069
210 3988 0.358357
211 3344 0.410997
211 1239 0.48024
211 9 0.31754
212 629 0.309209
212 915 0.349867
212 3228 0.30059
213 867 0.502461
213 2658 0.419235
213 974 0.272475
214 1039 0.339417
214 32 0.362397
214 671 0.335013
215 641 0.371335
215 723 0.263589
215 1072 0.349127
216 2198 0.282265
216 746 0.210096
216 1294 0.382352
217 1486 0.15787
217 946 0.401663
217 898 0.68133
218 1313 0.410529
218 4064 0.205738
218 754 0.336718
219 5344 0.248734
219 8086 0.238366
219 2259 0.251259
220 4765 0.258199
220 1805 0.34641
220 8770 0.316228
221 2545 0.412082
221 83 0.281345
221 21113 0.237915
222 299 0.265852
222 654 0.27296
222 681 0.273514
223 5497 0.192759
223 525 0.229878
223 1027 0.212996
224 1075 0.798482
224 1659 0.401203
224 1381 0.573805
225 2862 0.318799
225 2313 0.461821
225 1860 0.551411
226 306 0.282424
226 2652 0.185341
226 848 0.221951
227 7600 0.173762
227 6470 0.217584
227 1032 0.424437
228 3261 0.344124
228 3633 0.234146
228 1418 0.530524
229 211 0.191925
229 214 0.187917
229 91 0.229062
230 1643 0.201135
230 51 0.355171
230 78 0.575388
231 2909 0.237289
231 1750 0.293359
231 1363 0.30202
232 928 0.134715
232 764 0.482418
232 435 0.332039
233 432 0.367026
233 240 0.574401
233 7 0.583429
234 69 0.266839
234 519 0.461566
234 2443 0.422577
235 208 0.165714
235 370 0.203928
235 385 0.284363
236 2079 0.355335
236 66 0.362103
236 1438 0.309142
237 2501 0.289683
237 863 0.359425
237 99 0.237542
238 1563 0.406174
238 3513 0.358084
238 138 0.379382
239 1495 0.320844
239 2371 0.386953
239 4062 0.264628
240 432 0.66453
240 514 0.724165
240 832 0.587871
241 2426 0.33389
241 964 0.501608
241 202 0.533419
242 230 0.168281
242 78 0.198078
242 108 0.172845
243 639 0.27588
243 844 0.544751
243 1829 0.277398
244 743 0.239474
244 2447 0.277778
244 644 0.303312
245 813 0.497198
245 492 0.157378
245 2879 0.171499
246 2212 0.361595
246 505 0.305469
246 680 0.339246
247 1958 0.436436
247 1187 0.664301
247 2363 0.41122
248 3131 0.537914
248 2223 0.667014
248 1940 0.771517
249 5544 0.33541
249 1140 0.375
249 5153 0.444444
250 3199 0.323762
250 2627 0.33995
250 3803 0.296325
251 9876 0.145865
251 4239 0.238197
251 4140 0.415139
252 319 0.287465
252 4299 0.300005
252 1146 0.297922
253 456 0.436563
253 4109 0.223607
253 2982 0.276699
254 555 0.193047
254 2685 0.240772
254 862 0.260643
255 81 0.170993
255 3 0.412373
255 517 0.179193
256 12364 0.316228
256 8095 0.318728
256 3717 0.358569
257 5088 0.108148
257 302 0.384789
257 653 0.446594
258 1881 0.301625
258 542 0.413378
258 2844 0.209427
259 42 0.211456
259 59 0.255155
259 426 0.232244
260 1763 0.205174
260 261 0.166175
260 22023 0.143592
261 2454 0.308607
261 2861 0.440959
261 3805 0.327327
262 1868 0.15162
262 7809 0.15162
262 6235 0.15162
263 7820 0.1875
263 3218 0.25
263 10402 0.25
264 286 0.278639
264 781 0.220631
264 859 0.300669
265 544 0.640494
265 869 0.39003
265 594 0.490143
266 1384 0.226779
266 2665 0.34641
266 4484 0.2
267 570 0.166667
267 289 0.286182
267 96 0.252578
268 2521 0.308607
268 364 0.313392
268 3808 0.327327
269 10867 0.185695
269 483 0.365745
269 428 0.363907
270 6914 0.27735
270 557 0.521429
270 1672 0.354057
271 57 0.445012
271 882 0.237542
271 52 0.224772
272 1506 0.243998
272 723 0.189151
272 918 0.520882
273 525 0.287368
273 555 0.360278
273 1540 0.219971
274 170 0.291198
274 734 0.13159
274 2458 0.327327
275 662 0.301641
275 5663 0.247537
275 8035 0.171499
276 1106 0.597481
276 1702 0.4033
276 992 0.304224
277 3903 0.240772
277 2283 0.279751
277 9625 0.294884
278 4427 0.27735
278 2724 0.219265
278 17346 0.240192
279 3082 0.33052
279 1592 0.421332
279 2428 0.366679
280 148 0.421927
280 10125 0.368932
280 10504 0.365148
281 132 0.513298
281 939 0.519559
281 968 0.468535
282 59 0.237552
282 786 0.588299
282 1085 0.271488
283 12341 0.164399
283 9890 0.164399
283 264 0.203433
284 598 0.218218
284 177 0.167984
284 4861 0.327327
285 3696 0.243857
285 2852 0.301023
285 1674 0.344026
286 264 0.278639
286 413 0.511282
286 198 0.273091
287 783 0.312348
287 363 0.176832
287 5469 0.156174
288 3577 0.363803
288 6172 0.257248
288 3877 0.171499
289 184 0.491639
289 176 0.448435
289 267 0.286182
290 533 0.296588
290 440 0.574427
290 1442 0.194105
291 951 0.426993
291 2662 0.359573
291 2128 0.281411
292 1149 0.1335
292 643 0.432887
292 85 0.127541
293 676 0.563579
293 325 0.392218
293 590 0.269014
294 25006 0.204124
294 1341 0.306186
294 1685 0.408248
295 4286 0.545705
295 8123 0.342997
295 4231 0.504505
296 66 0.2354
296 2432 0.287242
296 1373 0.585057
297 1191 0.323249
297 1246 0.213809
297 1469 0.185714
298 2420 0.413434
298 1425 0.537373
298 1499 0.339457
299 654 0.540179
299 2506 0.33289
299 1109 0.466959
300 1142 0.213621
300 1207 0.356034
300 420 0.209795
301 44 0.485513
301 1998 0.122169
301 357 0.136191
302 257 0.384789
302 699 0.33052
302 653 0.425136
303 36 0.608103
303 14 0.474652
303 314 0.611023
304 189 0.296348
304 21342 0.188982
304 11675 0.188982
305 8910 0.235702
305 8086 0.243432
305 3074 0.388889
306 226 0.282424
306 2652 0.214286
306 1437 0.252538
307 5077 0.183726
307 2902 0.225018
307 1223 0.534254
308 3386 0.227921
308 1493 0.244558
308 150 0.202418
309 2914 0.36736
309 4737 0.322245
309 2689 0.375972
310 881 0.598933
310 1128 0.312379
310 401 0.646815
311 1526 0.47977
311 509 0.380521
311 1832 0.441508
312 30 0.242393
312 60 0.417166
312 6295 0.208514
313 902 0.210042
313 5516 0.273861
313 3391 0.322749
314 303 0.611023
314 466 0.354558
314 36 0.485965
315 157 0.766598
315 539 0.715199
315 1055 0.510665
316 2164 0.393939
316 10196 0.213201
316 10084 0.290129
317 5670 0.229416
317 2434 0.136797
317 13932 0.132453
318 144 0.199295
318 5117 0.286299
318 4323 0.384111
319 652 0.327662
319 633 0.390322
319 1379 0.336794
320 190 0.220589
320 10030 0.19868
320 3998 0.184211
321 4200 0.264999
321 2653 0.223721
321 2125 0.556499
322 12956 0.158114
322 343 0.13484
322 1011 0.128103
323 419 0.430257
323 119 0.37603
323 199 0.712501
324 735 0.393896
324 594 0.482059
324 705 0.574246
325 762 0.431556
325 293 0.392218
325 676 0.379182
326 694 0.274427
326 1013 0.392585
326 900 0.247207
327 8036 0.246183
327 5971 0.369274
327 1686 0.251259
328 2508 0.204124
328 17171 0.176777
328 13343 0.176777
329 1972 0.328266
329 966 0.249136
329 3561 0.262613
330 3852 0.412568
330 12863 0.252646
330 17329 0.206284
331 5880 0.318511
331 6711 0.294884
331 569 0.330535
332 924 0.550544
332 2111 0.291235
332 2997 0.370681
333 406 0.233904
333 21065 0.188982
333 5093 0.239046
334 86 0.254857
334 10185 0.240772
334 1514 0.255377
335 117 0.400012
335 405 0.275005
335 8731 0.289775
336 4802 0.323498
336 2013 0.203331
336 5952 0.17609
337 3918 0.301511
337 8756 0.238366
337 7343 0.286039
338 4131 0.27501
338 1398 0.485071
338 205 0.311832
339 4207 0.495682
339 2006 0.602796
339 1227 0.551819
340 1228 0.287348
340 46 0.196242
340 4187 0.217215
341 6145 0.328798
341 5357 0.287698
341 5014 0.332205
342 12940 0.196116
342 11016 0.196116
342 9193 0.196116
343 1905 0.162623
343 919 0.198273
343 15236 0.150756
344 2410 0.233126
344 2106 0.180579
344 1454 0.417029
345 3192 0.507093
345 4639 0.358569
345 3890 0.338062
346 143 0.528369
346 1811 0.612073
346 512 0.523879
347 817 0.196116
347 1940 0.169031
347 203 0.284826
348 1755 0.482126
348 1788 0.370479
348 913 0.404061
349 1374 0.340207
349 10707 0.263523
349 6462 0.336788
350 14237 0.156174
350 7596 0.156174
350 7254 0.270501
351 100 0.427122
351 14 0.178426
351 1602 0.384048
352 3608 0.333333
352 17549 0.19245
352 187 0.164581
353 3811 0.152499
353 136 0.156409
353 88 0.141591
354 1348 0.274721
354 15891 0.194257
354 1051 0.38097
355 164 0.378382
355 7693 0.261712
355 3832 0.388182
356 3327 0.267261
356 9449 0.188982
356 1513 0.218218
357 4844 0.170664
357 506 0.349153
357 1778 0.201268
358 6767 0.210819
358 1521 0.372678
358 1168 0.318728
359 944 0.418763
359 214 0.261956
359 324 0.26538
360 3780 0.35015
360 1439 0.456211
360 190 0.532072
361 9 0.253797
361 5152 0.223607
361 13 0.219793
362 1735 0.205738
362 5151 0.218218
362 2404 0.125988
363 783 0.283069
363 11144 0.160128
363 287 0.176832
364 2027 0.246183
364 268 0.313392
364 1693 0.514929
365 308 0.190957
365 1462 0.221359
365 1493 0.259554
366 361 0.144093
366 13 0.221694
366 775 0.250035
367 1569 0.65057
367 60 0.416678
367 2049 0.574861
368 20042 0.119523
368 3559 0.478091
368 1428 0.179284
369 5007 0.333333
369 4388 0.392837
369 55 0.270089
370 235 0.203928
370 765 0.415775
370 1183 0.505076
371 3089 0.1557
371 8590 0.150756
371 6006 0.150756
372 755 0.20702
372 9026 0.239046
372 929 0.280844
373 791 0.285714
373 44 0.318387
373 3354 0.303046
374 94 0.288897
374 12329 0.211604
374 1255 0.203616
375 8709 0.392232
375 5432 0.464095
375 2906 0.416333
376 3980 0.328798
376 3684 0.201347
376 404 0.231073
377 13140 0.142857
377 40 0.057723
377 507 0.0535714
378 490 0.422345
378 2486 0.442269
378 2380 0.553399
379 905 0.220963
379 576 0.110978
379 457 0.159111
380 2552 0.322749
380 11799 0.258199
380 5026 0.326599
381 242 0.158114
381 17 0.233087
381 108 0.182195
382 154 0.177649
382 536 0.256008
382 5269 0.218218
383 3039 0.226805
383 2793 0.416975
383 5899 0.157135
384 3955 0.364662
384 1612 0.297951
384 464 0.35363
385 508 0.386795
385 235 0.284363
385 667 0.366118
386 774 0.226886
386 4194 0.285714
386 2900 0.237729
387 425 0.174456
387 1544 0.170251
387 58 0.237239
388 10502 0.41833
388 8828 0.478091
388 11177 0.414039
389 233 0.20279
389 3129 0.201743
389 1144 0.209657
390 9553 0.381246
390 7808 0.304997
390 10475 0.215666
391 7 0.232834
391 582 0.622806
391 835 0.151724
392 3037 0.191663
392 4249 0.239046
392 1624 0.213809
393 4129 0.497519
393 2683 0.545761
393 4741 0.597022
394 19081 0.152499
394 91 0.166996
394 502 0.165679
395 2895 0.415605
395 133 0.343738
395 2948 0.435286
396 1344 0.232055
396 792 0.304808
396 2394 0.195351
397 1676 0.385153
397 2878 0.427546
397 4902 0.359211
398 49 0.164042
398 14834 0.208514
398 1875 0.250775
399 4486 0.245652
399 424 0.340811
399 790 0.257337
400 3098 0.220863
400 1369 0.285133
400 445 0.29254
401 1128 0.179546
401 310 0.646815
401 881 0.534284
402 982 0.309492
402 2187 0.316723
402 1869 0.117444
403 28273 0.141421
403 2269 0.141421
403 2229 0.106904
404 4685 0.382546
404 4203 0.295141
404 3980 0.468521
405 622 0.323081
405 335 0.275005
405 172 0.301672
406 2996 0.326164
406 333 0.233904
406 14010 0.206284
407 2726 0.586556
407 1004 0.729876
407 2149 0.479157
408 12364 0.305505
408 3335 0.298142
408 8095 0.30792
409 5104 0.449073
409 3236 0.464758
409 6336 0.42339
410 74 0.312571
410 96 0.321757
410 1153 0.318397
411 5707 0.328244
411 5677 0.301511
411 3448 0.410305
412 6921 0.251976
412 750 0.261905
412 8815 0.188982
413 286 0.511282
413 5727 0.425628
413 6797 0.294884
414 208 0.10554
414 1202 0.204124
414 385 0.126773
415 3066 0.412393
415 9368 0.291606
415 3302 0.505076
416 10368 0.130189
416 6822 0.260378
416 1539 0.208302
417 3551 0.288675
417 146 0.301711
417 1515 0.30792
418 1059 0.393496
418 1048 0.428384
418 108 0.32062
419 199 0.344464
419 323 0.430257
419 585 0.42289
420 2904 0.102062
420 243 0.161749
420 300 0.209795
421 7039 0.170251
421 2296 0.390095
421 495 0.239182
422 666 0.624519
422 544 0.461155
422 36 0.48345
423 2203 0.247717
423 730 0.397828
423 2291 0.197386
424 790 0.244558
424 2834 0.405554
424 399 0.340811
425 3452 0.239046
425 1544 0.243975
425 935 0.320713
426 1190 0.262754
426 3405 0.348367
426 1232 0.445632
427 1445 0.348481
427 6729 0.371391
427 2850 0.335936
428 269 0.363907
428 2352 0.322886
428 483 0.406297
429 3291 0.570782
429 7896 0.138675
429 3959 0.392232
430 6098 0.282843
430 12475 0.244949
430 2017 0.316228
431 1729 0.282138
431 1052 0.266674
431 10975 0.172774
432 233 0.367026
432 7 0.405113
432 240 0.66453
433 3262 0.162221
433 1775 0.376969
433 1928 0.30443
434 15691 0.235702
434 3758 0.19245
434 2814 0.458333
435 232 0.332039
435 3392 0.212132
435 1485 0.3
436 4545 0.4
436 2628 0.5
436 8342 0.3
437 3138 0.363667
437 8602 0.253185
437 2009 0.302079
438 14181 0.27735
438 12337 0.320256
438 9294 0.32686
439 2733 0.284463
439 2 0.380826
439 163 0.482141
440 290 0.574427
440 533 0.299183
440 1442 0.362372
441 3517 0.204124
441 597 0.252538
441 576 0.232495
442 34 0.176615
442 3237 0.0928477
442 2395 0.131306
443 2759 0.273179
443 2829 0.488678
443 4194 0.244339
444 8641 0.128037
444 2 0.185178
444 538 0.21125
445 400 0.29254
445 3823 0.529813
445 3098 0.529813
446 467 0.244989
446 475 0.0990148
446 2393 0.144338
447 3479 0.120386
447 1878 0.442326
447 1606 0.227508
448 634 0.222277
448 11044 0.213201
448 1150 0.262432
449 1466 0.577261
449 2025 0.391578
449 1712 0.233333
450 81 0.289693
450 1318 0.502703
450 2918 0.236801
451 192 0.467498
451 1221 0.324443
451 95 0.395447
452 1694 0.470076
452 1372 0.534555
452 1117 0.720903
453 1546 0.288675
453 1104 0.21875
453 1790 0.195283
454 524 0.280566
454 554 0.233978
454 545 0.152783
455 67 0.659286
455 1818 0.57891
455 1761 0.60829
456 253 0.436563
456 2982 0.40161
456 4640 0.283981
457 3597 0.707107
457 1856 0.196116
457 1033 0.187317
458 3508 0.297044
458 2117 0.280056
458 1205 0.37998
459 5570 0.293294
459 4349 0.311086
459 6698 0.254
460 8543 0.316228
460 1485 0.2
460 6277 0.353553
461 5773 0.262613
461 2244 0.262613
461 8186 0.185695
462 856 0.321845
462 571 0.30366
462 11432 0.258199
463 696 0.241935
463 1397 0.500948
463 1498 0.30548
464 184 0.5941
464 384 0.35363
464 738 0.48115
465 3020 0.362887
465 2895 0.473779
465 5237 0.368514
466 303 0.392678
466 47 0.226576
466 314 0.354558
467 8582 0.445435
467 10319 0.267261
467 9264 0.408248
468 1580 0.248759
468 515 0.429657
468 1326 0.634739
469 13746 0.307148
469 9260 0.307148
469 4406 0.336463
470 6198 0.321634
470 2694 0.278543
470 4566 0.303239
471 16564 0.447214
471 10341 0.5
471 1296 0.447214
472 2376 0.283197
472 9419 0.264906
472 3891 0.264906
473 2275 0.220193
473 1309 0.243709
473 118 0.462594
474 11054 0.333333
474 12512 0.333333
474 9685 0.372678
475 15796 0.242536
475 13495 0.242536
475 5888 0.257248
476 719 0.324443
476 502 0.295689
476 2008 0.273861
477 125 0.266439
477 1974 0.407556
477 688 0.220365
478 14107 0.213201
478 9524 0.246183
478 9398 0.369274
479 1045 0.347744
479 3623 0.486921
479 9134 0.286691
480 1297 0.210559
480 1822 0.198517
480 3743 0.278543
481 5253 0.274721
481 5162 0.495261
481 3387 0.539542
482 188 0.265781
482 3270 0.420084
482 1206 0.173762
483 428 0.406297
483 269 0.365745
483 615 0.19696
484 2500 0.258199
484 883 0.425628
484 1620 0.258199
485 12531 0.321634
485 1239 0.191785
485 18574 0.262613
486 2129 0.267261
486 165 0.379088
486 2537 0.422577
487 1069 0.394941
487 109 0.194649
487 13688 0.167444
488 509 0.298523
488 1298 0.636794
488 3952 0.195698
489 2554 0.244156
489 873 0.483381
489 3733 0.26024
490 61 0.268827
490 634 0.524669
490 378 0.422345
491 2570 0.4
491 10662 0.282843
491 4478 0.2
492 20122 0.229416
492 16400 0.229416
492 4973 0.324443
493 1665 0.416954
493 1644 0.401819
493 1292 0.633109
494 4804 0.302372
494 10104 0.239046
494 101 0.197986
495 61 0.190314
495 1573 0.195646
495 421 0.239182
496 2214 0.377415
496 621 0.238663
496 6041 0.249029
497 1246 0.391675
497 642 0.37392
497 3432 0.369274
498 865 0.31053
498 586 0.304555
498 2757 0.212132
499 3869 0.306186
499 1879 0.297044
499 2578 0.500694
500 427 0.317608
500 1493 0.336915
500 1445 0.280215
501 204 0.225991
501 10210 0.196116
501 2014 0.294174
502 833 0.463914
502 2124 0.354868
502 911 0.352101
503 7221 0.317221
503 3198 0.38097
503 583 0.447586
504 13732 0.25
504 11430 0.353553
504 179 0.12563
505 608 0.327688
505 2212 0.452563
505 3152 0.380629
506 1778 0.36364
506 2629 0.373002
506 357 0.349153
507 5332 0.220971
507 2946 0.288675
507 1548 0.309359
508 3734 0.383761
508 385 0.386795
508 667 0.393369
509 311 0.380521
509 1526 0.284493
509 488 0.298523
510 2748 0.308607
510 1882 0.314485
510 2370 0.338062
511 6516 0.524404
511 14315 0.447214
511 5715 0.633866
512 346 0.523879
512 1811 0.505722
512 4945 0.523635
513 4148 0.366508
513 1872 0.345547
513 1035 0.388741
514 240 0.724165
514 832 0.636506
514 942 0.434057
515 468 0.429657
515 1580 0.254
515 1326 0.528352
516 914 0.305556
516 5995 0.333333
516 4893 0.49897
517 1357 0.222375
517 1797 0.188982
517 1533 0.222375
518 6604 0.485071
518 157 0.230438
518 2057 0.396059
519 234 0.461566
519 5358 0.326377
519 2443 0.50155
520 12704 0.377964
520 18563 0.267261
520 15569 0.327327
521 12512 0.365148
521 4164 0.326599
521 15077 0.316228
522 1774 0.360994
522 2536 0.388057
522 2424 0.388057
523 2750 0.301511
523 1041 0.341882
523 2799 0.227921
524 454 0.280566
524 567 0.121238
524 800 0.264906
525 822 0.377297
525 273 0.287368
525 2895 0.331662
526 1994 0.304997
526 3982 0.272798
526 729 0.345341
527 4641 0.288675
527 6301 0.258199
527 633 0.26968
528 8925 0.417029
528 119 0.152277
528 3472 0.147442
529 2265 0.344584
529 3981 0.372194
529 1566 0.580429
530 22855 0.2
530 12454 0.2
530 2462 0.2
531 113 0.467185
531 3000 0.236836
531 558 0.483382
532 3914 0.353553
532 9705 0.235702
532 9330 0.223607
533 290 0.296588
533 440 0.299183
533 2609 0.27735
534 21119 0.169031
534 11741 0.169031
534 2260 0.119523
535 1066 0.398353
535 2088 0.251754
535 1631 0.58241
536 3826 0.254
536 1601 0.459504
536 382 0.256008
537 932 0.338062
537 1014 0.239474
537 1111 0.201008
538 8641 0.471405
538 444 0.21125
538 7349 0.333333
539 1055 0.550982
539 157 0.590748
539 315 0.715199
540 2417 0.351763
540 9070 0.348155
540 4665 0.389249
541 2453 0.229416
541 1716 0.0764719
541 545 0.166924
542 258 0.413378
542 7287 0.279145
542 6980 0.197386
543 18482 0.229416
543 838 0.138343
543 2339 0.206021
544 594 0.487718
544 265 0.640494
544 422 0.461155
545 1984 0.201802
545 1092 0.460179
545 541 0.166924
546 4835 0.280056
546 3528 0.146254
546 2304 0.242536
547 3816 0.283473
547 4012 0.282038
547 3028 0.283473
548 1797 0.202777
548 1815 0.359937
548 13 0.23121
549 85 0.218619
549 6991 0.171499
549 3136 0.488094
550 148 0.232952
550 1016 0.288675
550 952 0.344265
551 1267 0.708338
551 2910 0.725693
551 682 0.703043
552 3993 0.288675
552 940 0.542115
552 161 0.221977
553 9280 0.331133
553 3512 0.264906
553 1892 0.293198
554 3467 0.428571
554 454 0.233978
554 5870 0.285714
555 254 0.193047
555 273 0.360278
555 1540 0.377964
556 7394 0.333333
556 6148 0.440959
556 802 0.171499
557 270 0.521429
557 1672 0.444444
557 6914 0.382971
558 4515 0.227429
558 531 0.483382
558 3000 0.397033
559 7894 0.258199
559 12851 0.210819
559 3708 0.298142
560 97 0.147043
560 748 0.155543
560 3682 0.188982
561 7741 0.204124
561 818 0.231455
561 3893 0.204124
562 5403 0.2
562 799 0.180907
562 783 0.3
563 2957 0.400501
563 5207 0.468293
563 2041 0.374634
564 16916 0.365148
564 14136 0.447214
564 17063 0.365148
565 2498 0.55605
565 663 0.508747
565 1269 0.460977
566 346 0.375639
566 11711 0.294884
566 2224 0.312772
567 2908 0.379088
567 3777 0.188982
567 16319 0.188982
568 5674 0.284447
568 10116 0.133038
568 1001 0.213335
569 5880 0.2965
569 331 0.330535
569 135 0.231887
570 289 0.200327
570 1633 0.476731
570 184 0.203353
571 1236 0.283654
571 462 0.30366
571 11172 0.15162
572 1919 0.418722
572 678 0.300904
572 4228 0.274075
573 5371 0.279508
573 3042 0.334077
573 2610 0.433013
574 3072 0.23338
574 16642 0.19803
574 16627 0.19803
575 1461 0.59604
575 6243 0.264906
575 2134 0.355409
576 539 0.542535
576 157 0.353145
576 315 0.421433
577 4807 0.320256
577 10253 0.27735
577 9718 0.226455
578 17002 0.229416
578 5460 0.229416
578 105 0.223953
579 4077 0.298142
579 64 0.299751
579 9783 0.149071
580 9798 0.2
580 2683 0.23094
580 3611 0.388057
581 7709 0.261488
581 128 0.556349
581 4 0.268474
582 391 0.622806
582 691 0.168232
582 835 0.252347
583 7221 0.396059
583 3198 0.475651
583 503 0.447586
584 500 0.0814463
584 3380 0.166667
585 1499 0.459468
585 1017 0.289773
585 419 0.42289
586 498 0.304555
586 3733 0.215353
586 489 0.236433
587 3540 0.448879
587 4989 0.366508
587 3908 0.518321
588 5097 0.166667
588 4967 0.2566
588 1249 0.347833
589 1099 0.314189
589 2140 0.160875
589 174 0.186499
590 293 0.269014
590 1352 0.405554
590 1074 0.410391
591 625 0.550604
591 1814 0.493336
591 1899 0.30698
592 17148 0.105409
592 5627 0.105409
592 329 0.176166
593 61 0.223699
593 2898 0.226455
593 634 0.204465
594 544 0.487718
594 265 0.490143
594 869 0.636929
595 1985 0.280056
595 4682 0.438357
595 5181 0.323381
596 12362 0.1066
596 1698 0.319801
596 1193 0.543557
597 1272 0.271052
597 441 0.252538
597 1781 0.301511
598 11689 0.25
598 3092 0.25
598 2393 0.25
599 1568 0.264619
599 794 0.196419
599 916 0.430473
600 293 0.172314
600 792 0.184812
600 676 0.271299
601 5433 0.344124
601 2286 0.366837
601 1195 0.448441
602 8032 0.261116
602 6878 0.348155
602 4697 0.246183
603 21416 0.25
603 282 0.158703
603 112 0.422224
604 3054 0.569803
604 3518 0.60678
604 4674 0.583874
605 2093 0.223607
605 70 0.255841
605 852 0.47194
606 1185 0.391925
606 4627 0.402015
606 1082 0.689019
607 1132 0.54423
607 2154 0.0884748
607 3995 0.202721
608 2216 0.304082
608 505 0.327688
608 1434 0.392859
609 7907 0.13484
609 2716 0.20226
609 2050 0.3114
610 4918 0.372046
610 3742 0.477359
610 4609 0.460287
611 458 0.11651
611 1 0.134564
611 1205 0.306622
612 13663 0.348155
612 3301 0.314918
612 1959 0.312653
613 7719 0.133631
613 5250 0.188982
613 399 0.140372
614 2066 0.365148
614 1043 0.278887
614 5888 0.273861
615 587 0.335966
615 428 0.257855
615 1352 0.25
616 751 0.184703
616 5884 0.122169
616 3314 0.199502
617 4681 0.353553
617 1749 0.297044
617 16722 0.288675
618 5662 0.324176
618 710 0.391925
618 134 0.358109
619 6105 0.189832
619 3511 0.219199
619 8008 0.328798
620 2058 0.117851
620 913 0.125988
620 657 0.129099
621 2377 0.538993
621 4290 0.435572
621 8051 0.240772
622 6274 0.3125
622 405 0.323081
622 10713 0.306186
623 912 0.31063
623 608 0.263542
623 2216 0.420596
624 16072 0.208514
624 12282 0.208514
624 9486 0.208514
625 2900 0.477567
625 591 0.550604
625 1814 0.567775
626 1849 0.23338
626 703 0.388922
626 186 0.544388
627 2464 0.178885
627 645 0.237635
627 71 0.252833
628 1638 0.29238
628 1061 0.525805
628 39 0.517369
629 2865 0.548821
629 1818 0.580019
629 915 0.538666
630 11926 0.166667
630 5301 0.166667
630 5698 0.149071
631 1478 0.330759
631 2130 0.288231
631 1963 0.32686
632 14811 0.267261
632 9632 0.308607
632 5335 0.267261
633 527 0.26968
633 319 0.390322
633 652 0.515127
634 378 0.282597
634 490 0.524669
634 61 0.389195
635 3794 0.371656
635 4032 0.331042
635 2036 0.430037
636 3897 0.240192
636 795 0.23788
636 1656 0.233021
637 180 0.214669
637 1627 0.191663
637 990 0.239046
638 139 0.614919
638 944 0.35
638 1202 0.365148
639 3269 0.26968
639 1829 0.329073
639 243 0.27588
640 12266 0.176777
640 10624 0.25
640 10071 0.316228
641 215 0.371335
641 8195 0.227921
641 1931 0.197386
642 497 0.37392
642 1246 0.238667
642 2644 0.355784
643 1149 0.373632
643 292 0.432887
643 7373 0.261488
644 5003 0.234619
644 851 0.515805
644 244 0.303312
645 672 0.616123
645 627 0.237635
645 683 0.455752
646 938 0.212962
646 5733 0.19868
646 7748 0.229416
647 12570 0.426401
647 21582 0.301511
647 16652 0.369274
648 859 0.404061
648 96 0.425017
648 410 0.311872
649 3478 0.204124
649 1512 0.0753778
649 2841 0.0721688
650 9973 0.166667
650 8922 0.353553
650 4365 0.416667
651 5204 0.502519
651 8262 0.440386
651 6076 0.495434
652 319 0.327662
652 45 0.207375
652 633 0.515127
653 302 0.425136
653 257 0.446594
653 2088 0.229416
654 299 0.540179
654 1109 0.493972
654 4957 0.356348
655 8623 0.251976
655 1785 0.314485
655 5819 0.251976
656 3186 0.224309
656 1668 0.274721
656 1296 0.206041
657 967 0.172133
657 916 0.217643
657 64 0.170548
658 280 0.350325
658 148 0.492704
658 6330 0.3371
659 9593 0.229416
659 4700 0.132453
659 947 0.176998
660 1409 0.365318
660 3340 0.352029
660 2695 0.456647
661 11 0.431175
661 904 0.336414
661 4145 0.314037
662 5877 0.296174
662 5459 0.374634
662 275 0.301641
663 1269 0.426401
663 2498 0.391965
663 565 0.508747
664 11688 0.235702
664 6060 0.333333
664 4970 0.408248
665 12585 0.225494
665 1073 0.375823
665 170 0.245763
666 1472 0.337783
666 422 0.624519
666 688 0.584885
667 508 0.393369
667 111 0.282501
667 385 0.366118
668 1345 0.36457
668 704 0.690069
668 1684 0.11612
669 2201 0.359657
669 868 0.53224
669 2314 0.359163
670 10502 0.431331
670 8828 0.485247
670 11177 0.373544
671 32 0.220763
671 12731 0.272166
671 214 0.335013
672 683 0.286416
672 645 0.616123
672 929 0.436374
673 2318 0.440086
673 179 0.335304
673 9019 0.361158
674 3498 0.344124
674 15220 0.162221
674 3932 0.264906
675 7269 0.229416
675 86 0.4166
675 10 0.135924
676 293 0.563579
676 325 0.379182
676 762 0.398162
677 4986 0.377964
677 6106 0.281718
677 4159 0.509175
678 572 0.300904
678 2667 0.414039
678 1248 0.45542
679 4019 0.51031
679 14570 0.395285
679 6257 0.353553
680 1034 0.578098
680 1359 0.463348
680 806 0.599887
681 2680 0.260378
681 222 0.273514
681 463 0.233826
682 1124 0.706599
682 2910 0.752669
682 1267 0.733393
683 645 0.455752
683 3244 0.303774
683 1527 0.539314
684 7441 0.301511
684 6419 0.603023
684 4705 0.301511
685 2621 0.154303
685 201 0.135015
685 3029 0.195965
686 4440 0.368932
686 1335 0.373002
686 1151 0.394405
687 11716 0.377964
687 19293 0.327327
687 5949 0.46291
688 1472 0.305566
688 422 0.370306
688 666 0.584885
689 8426 0.174078
689 8391 0.348155
689 3605 0.497468
690 7491 0.552052
690 6329 0.536745
690 1453 0.597319
691 440 0.290129
691 1442 0.320256
691 2514 0.408248
692 1657 0.124035
692 1480 0.124035
692 1112 0.138675
693 4054 0.647179
693 14371 0.516398
693 7328 0.658281
694 900 0.376889
694 3434 0.319801
694 326 0.274427
695 3233 0.161281
695 1505 0.412163
695 1201 0.687039
696 1380 0.384012
696 7635 0.381
696 1467 0.370839
697 7598 0.447214
697 5355 0.316228
697 4060 0.2
698 1590 0.408248
698 2212 0.154303
698 111 0.308132
699 3446 0.342997
699 8803 0.485071
699 8025 0.650791
700 132 0.583589
700 281 0.292423
700 939 0.5246
701 6652 0.46414
701 3787 0.566379
701 1479 0.728202
702 95 0.339542
702 893 0.552771
702 38 0.42963
703 7250 0.385758
703 186 0.339066
703 626 0.388922
704 1684 0.178319
704 1345 0.426553
704 668 0.690069
705 735 0.281912
705 594 0.448162
705 324 0.574246
706 5350 0.222222
706 27544 0.272166
706 15765 0.333333
707 2093 0.381385
707 1240 0.40452
707 3035 0.361814
708 47 0.525561
708 6602 0.442326
708 780 0.231326
709 19974 0.188982
709 16281 0.188982
709 11459 0.188982
710 134 0.404063
710 618 0.391925
710 1095 0.235396
711 13097 0.202031
711 3554 0.583212
711 4305 0.319438
712 14346 0.208514
712 14106 0.208514
712 7215 0.294884
713 1757 0.365148
713 1050 0.374228
713 967 0.416667
714 7428 0.246183
714 21259 0.213201
714 12632 0.213201
715 2252 0.293991
715 1270 0.64502
715 1063 0.274828
716 19401 0.235702
716 14531 0.333333
716 5184 0.235702
717 2126 0.414039
717 5258 0.358569
717 2586 0.358569
718 1999 0.669202
718 1911 0.46291
718 49 0.503405
719 476 0.324443
719 833 0.296933
719 2008 0.296174
720 3495 0.533114
720 3300 0.581675
720 1862 0.641487
721 2731 0.16169
721 1796 0.323381
721 7267 0.140028
722 3365 0.242536
722 1321 0.242536
722 3820 0.242536
723 638 0.219265
723 215 0.263589
723 1065 0.261488
724 2218 0.465778
724 5556 0.260378
724 1112 0.162736
725 421 0.0965234
725 2442 0.327327
725 2406 0.66157
726 1642 0.2199
726 7349 0.206284
726 1497 0.35184
727 16036 0.188982
727 9677 0.188982
727 4561 0.377964
728 3740 0.340997
728 10087 0.264135
728 9806 0.272798
729 1017 0.554865
729 80 0.303726
729 526 0.345341
730 2203 0.326377
730 954 0.338255
730 423 0.397828
731 5373 0.171499
731 1909 0.0857493
731 1171 0.144943
732 1497 0.341882
732 8118 0.377964
732 5452 0.436436
733 1875 0.338754
733 1551 0.313625
733 2000 0.205316
734 2029 0.174078
734 12 0.171499
734 274 0.13159
735 869 0.410115
735 594 0.465057
735 324 0.393896
736 2842 0.526235
736 3121 0.49029
736 3640 0.416025
737 808 0.2809
737 149 0.436949
737 19 0.3343
738 3077 0.458333
738 1791 0.502079
738 464 0.48115
739 8859 0.29277
739 2288 0.316228
739 4987 0.338062
740 1358 0.272166
740 1970 0.495074
740 2415 0.272166
741 16871 0.242536
741 2907 0.171499
741 2540 0.342997
742 1753 0.251312
742 1265 0.200782
742 1773 0.300376
743 244 0.239474
743 2256 0.381
743 17252 0.254
744 3859 0.328798
744 2195 0.310685
744 1268 0.394558
745 4631 0.417029
745 2080 0.279751
745 1734 0.273009
746 216 0.210096
746 3036 0.361158
746 5720 0.208514
747 2336 0.713283
747 2278 0.615587
747 1658 0.578073
748 1276 0.311086
748 560 0.155543
748 97 0.152476
749 22768 0.27735
749 18727 0.392232
749 2806 0.214834
750 6164 0.188982
750 1713 0.151523
750 412 0.261905
751 6058 0.188982
751 4405 0.188982
751 4512 0.422577
752 4940 0.302372
752 12379 0.169031
752 9133 0.239046
753 2620 0.396059
753 17511 0.242536
753 16256 0.297044
754 1313 0.229175
754 820 0.227921
754 218 0.336718
755 3819 0.624391
755 6605 0.46291
755 6943 0.444444
756 326 0.0509647
756 970 0.101015
756 23874 0.267261
757 2280 0.323575
757 13651 0.166667
757 3474 0.377964
758 15384 0.196116
758 5390 0.196116
758 3487 0.2965
759 1424 0.169031
759 284 0.164957
759 2601 0.133631
760 7902 0.272166
760 4398 0.3849
760 8918 0.408248
761 5085 0.178174
761 388 0.19576
761 826 0.368012
762 2327 0.253773
762 325 0.431556
762 676 0.398162
763 7435 0.242536
763 7170 0.242536
763 886 0.258544
764 15806 0.301511
764 232 0.482418
764 1119 0.246183
765 1098 0.292509
765 61 0.266754
765 370 0.415775
766 5146 0.230144
766 15 0.236856
766 1409 0.198593
767 1979 0.259938
767 4109 0.220564
767 112 0.225593
768 1502 0.243975
768 10115 0.182574
768 2117 0.182574
769 6609 0.424264
769 4876 0.571548
769 1002 0.422116
770 24234 0.132453
770 1711 0.264906
770 4883 0.0936586
771 3206 0.153393
771 1293 0.553446
771 7279 0.108465
772 14712 0.2
772 8028 0.2
772 4491 0.282843
773 7980 0.185695
773 430 0.157568
