1 30 0.788028
1 30 0.788028
1 25 0.831854
2 15 0.819655
2 163 0.816281
2 23 0.834022
3 767 0.647416
3 255 0.686667
3 25 0.663468
4 5996 0.71097
4 5971 0.77985
4 128 0.822164
5 27 0.69444
5 6 0.678966
5 43 0.709195
6 383 0.707393
6 17 0.779479
6 51 0.707158
7 1144 0.728926
7 389 0.711219
7 1253 0.801187
8 547 0.609649
8 309 0.622731
8 281 0.714658
9 10 0.569297
9 211 0.692852
9 48 0.586499
10 53 0.586578
10 177 0.579628
10 70 0.651414
11 1757 0.563392
11 193 0.541186
11 21 0.562354
12 414 0.736975
12 1920 0.79199
12 215 0.756871
13 72 0.577445
13 48 0.654154
13 812 0.561823
14 34 0.678781
14 314 0.760583
14 36 0.654866
15 23 0.80591
15 2 0.819655
15 175 0.777582
16 76 0.716515
16 28 0.80733
16 137 0.70647
17 6 0.779479
17 282 0.616915
17 24 0.61047
18 2778 0.657463
18 1312 0.69149
18 1620 0.770552
19 1905 0.632361
19 149 0.778909
19 737 0.626656
20 1545 0.73752
20 507 0.776818
20 195 0.722894
21 121 0.612348
21 115 0.672994
21 18 0.616473
22 5 0.663692
22 24 0.768919
22 320 0.668334
23 68 0.793666
23 2 0.834022
23 15 0.80591
24 470 0.656404
24 22 0.768919
24 26 0.674297
25 1 0.831854
25 16029 0.766701
25 2177 0.79791
26 24 0.674297
26 162 0.700704
26 46 0.693827
27 1181 0.777149
27 83 0.81245
27 332 0.838149
28 16 0.80733
28 513 0.596656
28 137 0.61208
29 53 0.623099
29 11837 0.612998
29 700 0.634921
30 1 0.788028
30 1 0.788028
30 39 0.750383
31 134 0.839059
31 303 0.856678
31 36 0.838666
32 16029 0.736807
32 23 0.721288
32 1559 0.746377
33 1245 0.669519
33 16029 0.639529
33 418 0.642103
34 14 0.678781
34 40 0.684457
34 128 0.696019
35 2147 0.748071
35 4199 0.703302
35 1 0.705803
36 466 0.841897
36 31 0.838666
36 303 0.886058
37 78 0.647347
37 1 0.661713
37 15 0.646445
38 203 0.634678
38 31 0.680468
38 1026 0.662067
39 1 0.752523
39 16029 0.750733
39 30 0.750383
40 694 0.787203
40 147 0.796801
40 128 0.816077
41 512 0.58438
41 143 0.608027
41 246 0.575562
42 1392 0.884548
42 1308 0.865319
42 1541 0.892964
43 5 0.709195
43 162 0.628439
43 6 0.638431
44 20 0.597638
44 1755 0.607333
44 373 0.617359
45 11837 0.673155
45 65 0.691948
45 713 0.728747
46 23 0.699079
46 1 0.74209
46 15 0.739569
47 1090 0.686578
47 12 0.716385
47 1426 0.712202
48 53 0.635647
48 13 0.654154
48 113 0.66916
49 25 0.636279
49 16029 0.658427
49 32 0.653582
50 1671 0.725983
50 1168 0.718897
50 20613 0.663612
51 6 0.707158
51 242 0.719791
51 78 0.708123
52 557 0.553672
52 87 0.51954
52 28289 0.498166
53 1186 0.675403
53 6 0.692474
53 563 0.694299
54 4113 0.539669
54 10240 0.600314
54 9063 0.617657
55 270 0.728487
55 1176 0.66114
55 369 0.774194
56 1020 0.586426
56 91 0.574536
56 53 0.631355
57 871 0.610563
57 1651 0.674713
57 72 0.669679
58 391 0.556287
58 256 0.533943
58 160 0.570032
59 22 0.657419
59 282 0.65811
59 1911 0.646796
60 563 0.61817
60 219 0.605341
60 281 0.642244
61 154 0.682956
61 166 0.694731
61 231 0.692486
62 31 0.602346
62 148 0.700694
62 658 0.726705
63 182 0.644198
63 379 0.712295
63 12 0.647528
64 657 0.60626
64 579 0.617461
64 292 0.594825
65 2177 0.777303
65 25 0.711784
65 78 0.713929
66 296 0.652749
66 1 0.576326
66 236 0.579026
67 455 0.803492
67 629 0.750463
67 1818 0.769536
68 23 0.793666
68 2 0.775809
68 147 0.78883
69 234 0.549355
69 2443 0.493193
69 2043 0.618337
70 10 0.651414
70 28 0.580676
70 53 0.593731
71 192 0.689409
71 1530 0.652008
71 929 0.687251
72 2265 0.664902
72 132 0.695764
72 57 0.669679
73 839 0.596417
73 1923 0.595351
73 3020 0.678665
74 410 0.706433
74 23 0.728276
74 2 0.709324
75 412 0.614724
75 219 0.616804
75 512 0.627464
76 16 0.716515
76 1289 0.714778
76 7245 0.6613
77 6538 0.574511
77 2399 0.490174
77 2 0.506206
78 242 0.86359
78 2177 0.73079
78 230 0.84369
79 2208 0.507426
79 13483 0.517357
79 10337 0.559509
80 1347 0.530115
80 26917 0.43454
80 298 0.444958
81 137 0.573003
81 395 0.604831
81 17 0.568277
82 17057 0.526462
82 2033 0.543841
82 12089 0.526462
83 27 0.81245
83 332 0.736584
83 1181 0.707361
84 5934 0.735186
84 286 0.719129
84 198 0.681668
85 53 0.674105
85 27 0.622215
85 6 0.637797
86 1122 0.493288
86 675 0.526088
86 16965 0.473016
87 52 0.51954
87 415 0.605573
87 557 0.495017
88 13075 0.503115
88 94 0.52151
88 15 0.547937
89 805 0.631902
89 246 0.621686
89 764 0.689124
90 297 0.517636
90 1316 0.48992
90 891 0.562439
91 542 0.697699
91 394 0.718066
91 4291 0.658938
92 893 0.556594
92 151 0.555442
92 95 0.560039
93 508 0.601552
93 1920 0.616547
93 15802 0.591517
94 626 0.7359
94 15 0.757955
94 374 0.748154
95 92 0.560039
95 38 0.602648
95 2137 0.54951
96 1423 0.730602
96 332 0.74152
96 27 0.711949
97 483 0.630192
97 2587 0.615387
97 748 0.61685
98 1013 0.653138
98 231 0.654787
98 144 0.660593
99 6757 0.638501
99 25 0.589911
99 39 0.595423
100 351 0.739021
100 1300 0.744387
100 1777 0.655562
101 1267 0.519827
101 331 0.478693
101 682 0.54953
102 20406 0.723364
102 17907 0.723364
102 40 0.715686
103 1719 0.523723
103 2963 0.514286
103 231 0.561452
104 1056 0.642605
104 165 0.579499
104 872 0.638981
105 13268 0.676066
105 24729 0.676066
105 168 0.608679
106 4071 0.383796
106 16257 0.379249
106 22148 0.443802
107 4925 0.466565
107 22358 0.517927
107 8347 0.448223
108 53 0.635445
108 418 0.655077
108 1245 0.641797
109 112 0.650255
109 3951 0.591639
109 1947 0.611647
110 1339 0.502341
110 2308 0.60813
110 17802 0.496702
111 2098 0.63017
111 12 0.679584
111 1028 0.643623
112 460 0.696914
112 109 0.650255
112 603 0.624046
113 48 0.66916
113 558 0.628266
113 167 0.620012
114 1337 0.602937
114 719 0.601149
114 57 0.586322
115 21 0.672994
115 195 0.582349
115 798 0.54907
116 991 0.629228
116 219 0.643232
116 484 0.70795
117 72 0.547649
117 167 0.602437
117 8146 0.547647
118 9486 0.563436
118 2107 0.556349
118 1312 0.541667
119 56 0.48141
119 9 0.487107
119 1125 0.504871
120 922 0.681748
120 171 0.674641
120 484 0.686712
121 1788 0.637627
121 507 0.613565
121 1620 0.640459
122 5723 0.506443
122 1145 0.505865
122 3573 0.557048
123 5221 0.576794
123 10154 0.619355
123 1336 0.708516
124 403 0.619303
124 154 0.623907
124 536 0.666463
125 168 0.506632
125 3410 0.507406
125 841 0.499013
126 6 0.649172
126 3079 0.62173
126 812 0.62103
127 713 0.717195
127 1757 0.694981
127 2041 0.647193
128 4 0.822164
128 694 0.728408
128 40 0.816077
129 16920 0.747795
129 168 0.758642
129 154 0.75056
130 162 0.797341
130 2 0.684821
130 147 0.666369
131 2084 0.47527
131 12962 0.456435
131 27018 0.456435
132 968 0.771018
132 281 0.807718
132 72 0.695764
133 395 0.732801
133 11837 0.68002
133 3020 0.693487
134 31 0.839059
134 635 0.751288
134 1095 0.736482
135 684 0.598693
135 3034 0.729221
135 6515 0.616964
136 246 0.437574
136 1359 0.470457
136 22949 0.485741
137 16 0.70647
137 22 0.646429
137 574 0.644175
138 26901 0.430007
138 1200 0.4133
138 238 0.418525
139 944 0.707868
139 638 0.661944
139 338 0.632574
140 15 0.652764
140 4 0.610279
140 162 0.605064
141 1934 0.722081
141 1135 0.755385
141 31 0.648109
142 313 0.705084
142 165 0.616802
142 89 0.596808
143 41 0.608027
143 1489 0.555805
143 348 0.595299
144 1013 0.72456
144 1689 0.762196
144 168 0.690361
145 2270 0.407418
145 1848 0.438992
145 2043 0.387298
146 417 0.836402
146 7162 0.654995
146 15225 0.641427
147 2 0.797264
147 694 0.822991
147 40 0.796801
148 62 0.700694
148 1016 0.630593
148 28673 0.578122
149 19 0.778909
149 808 0.682191
149 1803 0.695277
150 13745 0.598506
150 874 0.596734
150 893 0.616742
151 168 0.667222
151 154 0.671991
151 231 0.713734
152 16243 0.535456
152 6622 0.525346
152 185 0.535538
153 6069 0.629198
153 552 0.704986
153 433 0.778103
154 166 0.804301
154 168 0.828706
154 382 0.798287
155 53 0.652106
155 193 0.550683
155 563 0.555356
156 23453 0.543735
156 1689 0.6114
156 5197 0.540909
157 539 0.817916
157 414 0.694016
157 315 0.664486
158 1062 0.629941
158 1726 0.615947
158 28594 0.654654
159 15679 0.468293
159 23112 0.468293
159 11229 0.468293
160 231 0.670485
160 202 0.597082
160 151 0.661008
161 2523 0.638542
161 5588 0.529421
161 2740 0.61145
162 26 0.700704
162 4018 0.727599
162 130 0.797341
163 2 0.816281
163 471 0.881733
163 2754 0.712196
164 7006 0.67523
164 355 0.896395
164 4756 0.658687
165 27 0.624999
165 142 0.616802
165 335 0.587977
166 231 0.761521
166 154 0.804301
166 168 0.751015
167 113 0.620012
167 117 0.602437
167 26 0.597607
168 154 0.828706
168 2764 0.812511
168 382 0.78804
169 1024 0.482092
169 3615 0.457849
169 20413 0.480196
170 1072 0.718302
170 215 0.769584
170 539 0.706368
171 5046 0.788537
171 2555 0.840602
171 2169 0.770393
172 225 0.721974
172 332 0.665676
172 1121 0.684809
173 207 0.536495
173 1103 0.411679
173 166 0.416938
174 483 0.613766
174 27923 0.745155
174 197 0.630531
175 15 0.777582
175 671 0.750001
175 23 0.763225
176 64 0.514521
176 184 0.492708
176 570 0.495809
177 1587 0.680074
177 2015 0.625827
177 4 0.683868
178 414 0.658023
178 2216 0.687553
178 1364 0.68483
179 531 0.599085
179 507 0.600408
179 331 0.626908
180 42 0.641079
180 1541 0.592636
180 1712 0.596062
181 1913 0.484563
181 7823 0.566184
181 2912 0.475916
182 1704 0.723183
182 17726 0.702782
182 12 0.718353
183 14753 0.637046
183 16029 0.639362
183 1146 0.756495
184 127 0.624618
184 570 0.692611
184 464 0.747965
185 6033 0.606188
185 3214 0.618147
185 3826 0.671329
186 1006 0.834978
186 25 0.67768
186 6 0.691433
187 742 0.7141
187 6060 0.618361
187 24493 0.569404
188 17693 0.556854
188 578 0.580165
188 3317 0.572998
189 22 0.647387
189 2041 0.59377
189 513 0.677238
190 160 0.560997
190 5766 0.646726
190 360 0.611786
191 326 0.661952
191 2040 0.668525
191 4226 0.650907
192 71 0.689409
192 2826 0.581766
192 451 0.894636
193 1149 0.666474
193 1757 0.667934
193 332 0.66119
194 9373 0.507553
194 294 0.651661
194 1021 0.543437
195 20 0.722894
195 507 0.64085
195 121 0.611048
196 226 0.567404
196 580 0.609744
196 5645 0.635367
197 27923 0.677334
197 1942 0.686161
197 874 0.676158
198 84 0.681668
198 2 0.686107
198 286 0.731801
199 585 0.720797
199 323 0.832449
199 419 0.742083
200 9811 0.639728
200 617 0.634024
200 666 0.665556
201 48 0.598975
201 24 0.562352
201 53 0.560491
202 160 0.597082
202 964 0.74716
202 241 0.659135
203 2959 0.715153
203 1026 0.775626
203 386 0.711165
204 2270 0.521795
204 8511 0.463241
204 402 0.515783
205 1720 0.884983
205 2959 0.819028
205 5939 0.80327
206 18469 0.634335
206 2161 0.670541
206 11407 0.663953
207 173 0.536495
207 5854 0.471728
207 807 0.493007
208 698 0.831418
208 18687 0.705476
208 2418 0.726784
209 1401 0.599486
209 14817 0.50443
209 6590 0.629253
210 1596 0.624594
210 2588 0.653838
210 521 0.632291
211 9 0.692852
211 1239 0.705865
211 5013 0.66369
212 1176 0.730958
212 15720 0.633128
212 915 0.688026
213 867 0.679929
213 231 0.622313
213 2057 0.740744
214 1 0.608814
214 671 0.629838
214 32 0.598491
215 12 0.756871
215 170 0.769584
215 1072 0.832419
216 36 0.500521
216 14 0.515507
216 2198 0.504629
217 2 0.751334
217 15 0.737873
217 898 0.787909
218 154 0.77121
218 2764 0.771147
218 168 0.782665
219 484 0.666404
219 171 0.658316
219 4783 0.665397
220 14884 0.56428
220 19680 0.545032
220 256 0.513296
221 8713 0.492068
221 9185 0.594228
221 2545 0.591798
222 681 0.708242
222 1190 0.580952
222 812 0.55495
223 525 0.744908
223 35 0.489589
223 4199 0.484401
224 3185 0.736794
224 3376 0.72647
224 1075 0.833562
225 172 0.721974
225 15610 0.666701
225 3818 0.690691
226 4729 0.758955
226 6108 0.712088
226 1674 0.628546
227 1032 0.683934
227 7072 0.579695
227 3402 0.587951
228 2036 0.614627
228 1418 0.657254
228 3261 0.658612
229 465 0.508189
229 2164 0.534832
229 340 0.474722
230 78 0.84369
230 242 0.791745
230 25 0.709328
231 1712 0.742097
231 168 0.762967
231 166 0.761521
232 1119 0.683372
232 760 0.457716
232 15254 0.516047
233 240 0.681513
233 389 0.661494
233 1144 0.663799
234 69 0.549355
234 6300 0.475239
234 5656 0.541207
235 157 0.644395
235 539 0.622557
235 385 0.724049
236 757 0.67046
236 94 0.646573
236 296 0.623892
237 154 0.582458
237 863 0.639004
237 874 0.604761
238 5873 0.689064
238 270 0.727176
238 5318 0.658489
239 1682 0.74044
239 10848 0.563158
239 59 0.512799
240 233 0.681513
240 1253 0.778234
240 7 0.692853
241 202 0.659135
241 964 0.670002
241 31 0.649128
242 51 0.719791
242 78 0.86359
242 230 0.791745
243 1450 0.728872
243 671 0.633543
243 844 0.632136
244 654 0.630404
244 1873 0.67295
244 10413 0.638867
245 1316 0.522326
245 3826 0.509313
245 404 0.540295
246 25166 0.69843
246 1312 0.655363
246 26160 0.69843
247 1320 0.59655
247 2514 0.643917
247 2363 0.611464
248 3131 0.685344
248 663 0.68488
248 1940 0.707466
249 10489 0.63869
249 1140 0.792825
249 16574 0.707413
250 889 0.623557
250 5954 0.586195
250 426 0.600707
251 13351 0.505964
251 2723 0.653197
251 24187 0.509117
252 72 0.586385
252 2265 0.546608
252 9105 0.537914
253 4109 0.687966
253 2147 0.674756
253 456 0.742368
254 1005 0.50818
254 1867 0.551154
254 8593 0.554903
255 3 0.686667
255 17907 0.690724
255 20406 0.690724
256 58 0.533943
256 391 0.597728
256 582 0.617417
257 302 0.60724
257 322 0.652917
257 343 0.565544
258 1881 0.684502
258 6 0.625705
258 2511 0.613531
259 59 0.583194
259 11218 0.514265
259 1308 0.524011
260 23866 0.742781
260 345 0.821005
260 1763 0.797847
261 2861 0.73718
261 3805 0.756977
261 2454 0.717254
262 1868 0.685412
262 20791 0.544705
262 20962 0.455733
263 1461 0.617649
263 16 0.561143
263 2977 0.547847
264 1603 0.612715
264 1007 0.681865
264 781 0.660605
265 414 0.524334
265 16199 0.618115
265 12 0.5303
266 9 0.502539
266 2265 0.496276
266 529 0.63446
267 27 0.60891
267 53 0.623296
267 6 0.635202
268 16029 0.613795
268 13601 0.578691
268 13075 0.602804
269 615 0.615801
269 28458 0.518476
269 2080 0.546437
270 55 0.728487
270 238 0.727176
270 369 0.648102
271 1755 0.627199
271 20 0.67569
271 24228 0.619053
272 5169 0.58429
272 1506 0.707825
272 918 0.709401
273 862 0.544331
273 14828 0.559017
273 18740 0.553399
274 1136 0.555732
274 5717 0.563834
274 170 0.593563
275 168 0.565457
275 231 0.596589
275 380 0.581791
276 17726 0.834847
276 1702 0.832872
276 1106 0.827926
277 8972 0.522958
277 6805 0.348932
277 2283 0.459504
278 902 0.432496
278 542 0.466451
278 72 0.498325
279 812 0.600346
279 6 0.581846
279 53 0.609994
280 466 0.635019
280 36 0.657268
280 780 0.634816
281 8 0.714658
281 1120 0.695535
281 132 0.807718
282 17 0.616915
282 59 0.65811
282 1085 0.721611
283 383 0.664415
283 889 0.676509
283 1232 0.687903
284 65 0.556432
284 26 0.598823
284 507 0.575865
285 175 0.7409
285 2 0.742411
285 767 0.717561
286 84 0.719129
286 198 0.731801
286 1141 0.643645
287 783 0.465491
287 19994 0.460518
287 7880 0.467889
288 3877 0.464478
288 26573 0.426941
288 2822 0.467746
289 570 0.514943
289 26917 0.529813
289 184 0.462078
290 440 0.628935
290 533 0.735173
290 105 0.566112
291 26653 0.540655
291 26171 0.540655
291 2662 0.584898
292 1662 0.688494
292 4956 0.646532
292 14204 0.625815
293 2356 0.668294
293 542 0.662877
293 502 0.632002
294 194 0.651661
294 9791 0.620586
294 4634 0.538209
295 24513 0.535303
295 48 0.57551
295 4769 0.662404
296 66 0.652749
296 236 0.623892
296 35 0.648529
297 1320 0.604396
297 1191 0.630957
297 408 0.562435
298 1425 0.597343
298 2420 0.590101
298 2591 0.548421
299 16029 0.744092
299 1109 0.717573
299 654 0.84412
300 65 0.634332
300 16029 0.597022
300 1 0.609045
301 5867 0.66509
301 357 0.693876
301 1932 0.565949
302 257 0.60724
302 8328 0.507833
302 6930 0.487025
303 31 0.856678
303 36 0.886058
303 466 0.774246
304 16354 0.661524
304 2741 0.669965
304 5820 0.677709
305 17785 0.568535
305 2891 0.61451
305 3992 0.746679
306 226 0.59303
306 1437 0.720214
306 14157 0.627376
307 1223 0.72285
307 6117 0.729777
307 5077 0.76622
308 197 0.608743
308 382 0.543057
308 13745 0.536925
309 8 0.622731
309 1147 0.619364
309 6322 0.610643
310 401 0.719304
310 1128 0.676353
310 881 0.673691
311 89 0.62064
311 512 0.594136
311 171 0.594925
312 67 0.636484
312 1818 0.688096
312 907 0.772664
313 142 0.705084
313 10054 0.631586
313 3391 0.667124
314 14 0.760583
314 36 0.79901
314 466 0.809219
315 539 0.744777
315 1131 0.863907
315 1055 0.863907
316 1162 0.574903
316 18100 0.485866
316 19680 0.444851
317 830 0.486484
317 3432 0.522396
317 4843 0.49276
318 16574 0.563264
318 144 0.615701
318 1689 0.625539
319 652 0.617199
319 1207 0.516047
319 23680 0.430706
320 22 0.668334
320 16 0.616919
320 3396 0.632949
321 2653 0.5
321 4200 0.703087
321 2125 0.689134
322 257 0.652917
322 343 0.676689
322 1092 0.542092
323 199 0.832449
323 585 0.630428
323 419 0.763151
324 31 0.635713
324 134 0.632051
324 705 0.815405
325 11919 0.582772
325 15610 0.567462
325 225 0.573223
326 1013 0.800953
326 1441 0.708584
326 1046 0.7001
327 15 0.616177
327 5996 0.639412
327 94 0.644332
328 19297 0.506392
328 4389 0.493435
328 26204 0.551677
329 13433 0.353553
329 17330 0.349927
329 25474 0.406579
330 913 0.527312
330 876 0.518823
330 344 0.516248
331 11614 0.645423
331 23246 0.645423
331 1596 0.664078
332 924 0.770392
332 27 0.838149
332 1181 0.769233
333 16574 0.434813
333 3663 0.471621
333 1938 0.514805
334 39 0.550243
334 713 0.559835
334 507 0.561998
335 2111 0.666916
335 405 0.669641
335 903 0.640648
336 3972 0.597057
336 843 0.580318
336 1005 0.590962
337 874 0.549687
337 168 0.561468
337 1606 0.740117
338 139 0.632574
338 28399 0.616441
338 18150 0.616441
339 26801 0.628539
339 1620 0.577778
339 5958 0.584334
340 832 0.609365
340 1228 0.683211
340 4469 0.611316
341 19039 0.519096
341 3459 0.579233
341 15795 0.580797
342 979 0.352578
342 3429 0.603148
342 26099 0.355335
343 1125 0.581163
343 12963 0.598813
343 322 0.676689
344 113 0.567193
344 713 0.588962
344 558 0.571814
345 260 0.821005
345 382 0.756472
345 1385 0.778505
346 1811 0.731241
346 332 0.596843
346 2333 0.637668
347 1032 0.502773
347 203 0.588136
347 1026 0.55045
348 1706 0.678797
348 2161 0.700151
348 4661 0.675855
349 7 0.554021
349 389 0.58037
349 703 0.560612
350 8255 0.512092
350 9944 0.461935
350 978 0.375426
351 36 0.719271
351 303 0.737059
351 100 0.739021
352 187 0.535494
352 1509 0.580611
352 203 0.564995
353 28210 0.516398
353 29 0.498009
353 926 0.496293
354 10519 0.389381
354 14674 0.367112
354 6590 0.401256
355 164 0.896395
355 3832 0.731622
355 4756 0.728643
356 24077 0.467099
356 12124 0.467099
356 3327 0.452556
357 301 0.693876
357 1932 0.703629
357 5867 0.704215
358 355 0.573364
358 296 0.586219
358 1521 0.749758
359 635 0.694683
359 134 0.706964
359 1731 0.696788
360 1275 0.688985
360 166 0.68313
360 231 0.689334
361 15 0.620632
361 175 0.575342
361 25 0.575563
362 15895 0.581728
362 2294 0.535823
362 6512 0.475313
363 17 0.565976
363 3947 0.688784
363 799 0.672833
364 303 0.550832
364 36 0.551866
364 2904 0.59198
365 166 0.603021
365 536 0.624862
365 1493 0.652228
366 889 0.523159
366 6 0.554593
366 1166 0.692431
367 5319 0.526317
367 2049 0.537373
367 1569 0.508481
368 16029 0.580042
368 507 0.598193
368 9112 0.577105
369 55 0.774194
369 270 0.648102
369 1176 0.653627
370 1398 0.674583
370 205 0.642349
370 1720 0.632309
371 6006 0.514792
371 15209 0.503953
371 4577 0.673633
372 9375 0.471405
372 20410 0.46761
372 391 0.479463
373 44 0.617359
373 11407 0.597614
373 206 0.592306
374 7 0.703226
374 94 0.748154
374 7455 0.652929
375 8709 0.646251
375 23 0.673109
375 10335 0.646251
376 154 0.706372
376 218 0.71389
376 168 0.720418
377 226 0.43358
377 1402 0.592254
377 5521 0.424369
378 2826 0.821209
378 2380 0.692222
378 634 0.640576
379 63 0.712295
379 539 0.74241
379 457 0.850478
380 1275 0.727643
380 231 0.734086
380 168 0.716507
381 4148 0.528271
381 5428 0.535826
381 6 0.53074
382 168 0.78804
382 154 0.798287
382 345 0.756472
383 6 0.707393
383 889 0.698113
383 24590 0.665619
384 713 0.667749
384 45 0.60167
384 563 0.607831
385 235 0.724049
385 3050 0.79589
385 961 0.528237
386 1026 0.692039
386 203 0.711165
386 1032 0.673415
387 2483 0.51582
387 912 0.491364
387 58 0.508104
388 13967 0.39736
388 15540 0.410391
388 985 0.490414
389 7 0.711219
389 1144 0.8
389 909 0.737002
390 2475 0.651654
390 23116 0.540899
390 481 0.511101
391 582 0.844643
391 256 0.597728
391 231 0.568617
392 2892 0.469049
392 26878 0.469097
392 197 0.449107
393 767 0.572782
393 4879 0.559032
393 2683 0.591916
394 91 0.718066
394 2862 0.65325
394 13992 0.693375
395 11837 0.60956
395 3020 0.717268
395 133 0.732801
396 4240 0.503953
396 1553 0.614478
396 20499 0.489979
397 11360 0.630126
397 26218 0.630126
397 17566 0.630126
398 1532 0.452768
398 25610 0.478913
398 28388 0.574696
399 162 0.64777
399 332 0.668691
399 790 0.654025
400 14219 0.587896
400 4219 0.454061
400 14211 0.463739
401 310 0.719304
401 881 0.643308
401 7799 0.575656
402 23138 0.560859
402 3506 0.676826
402 2187 0.561597
403 3053 0.753236
403 1385 0.781815
403 154 0.775106
404 22354 0.633553
404 1977 0.563554
404 3657 0.566471
405 1616 0.677823
405 1143 0.695677
405 2122 0.689831
406 22526 0.67082
406 2996 0.784862
406 10290 0.589256
407 30 0.523888
407 2730 0.508001
407 13 0.50952
408 4843 0.675136
408 1008 0.685568
408 5833 0.681804
409 414 0.744098
409 2104 0.788667
409 6552 0.749783
410 74 0.706433
410 23 0.645025
410 2165 0.635856
411 5785 0.790712
411 5707 0.830901
411 3903 0.595404
412 75 0.614724
412 534 0.648305
412 513 0.547382
413 264 0.463611
413 16155 0.453092
413 286 0.470374
414 17726 0.748705
414 28382 0.748705
414 276 0.758075
415 87 0.605573
415 10328 0.566049
415 5198 0.445365
416 14430 0.477997
416 2619 0.457236
416 2989 0.51754
417 146 0.836402
417 5706 0.582139
417 7162 0.591892
418 1245 0.811888
418 67 0.661628
418 1059 0.695904
419 199 0.742083
419 323 0.763151
419 6114 0.690863
420 5965 0.621509
420 417 0.545566
420 233 0.506768
421 5885 0.783672
421 26261 0.649623
421 26832 0.649623
422 36 0.662583
422 666 0.639021
422 200 0.555295
423 1341 0.599491
423 730 0.719658
423 2546 0.586696
424 635 0.503191
424 2834 0.590438
424 38 0.521461
425 3933 0.756411
425 3703 0.756411
425 1544 0.848117
426 4570 0.677899
426 889 0.656441
426 450 0.673623
427 6963 0.516047
427 1297 0.665208
427 158 0.529414
428 483 0.745661
428 168 0.722664
428 154 0.775262
429 1712 0.537366
429 874 0.53587
429 231 0.589941
430 19100 0.542897
430 461 0.5082
430 13945 0.542897
431 1729 0.618635
431 1587 0.523249
431 10 0.532282
432 1921 0.43435
432 514 0.669849
432 12213 0.426641
433 153 0.778103
433 552 0.841435
433 6069 0.809353
434 2814 0.620142
434 32 0.678689
434 3758 0.651751
435 75 0.546505
435 2398 0.54752
435 896 0.571434
436 11040 0.68002
436 4545 0.689667
436 18632 0.651809
437 2009 0.763072
437 23367 0.585142
437 8602 0.613396
438 16253 0.474713
438 15670 0.627986
438 1575 0.453158
439 3835 0.712287
439 2733 0.636035
439 198 0.613456
440 290 0.628935
440 533 0.690849
440 2577 0.591226
441 597 0.585622
441 3517 0.562711
441 616 0.576464
442 2395 0.717501
442 24647 0.580576
442 936 0.554908
443 140 0.563138
443 162 0.587934
443 186 0.565071
444 9821 0.489898
444 538 0.889637
444 8641 0.516984
445 1005 0.603593
445 17693 0.590909
445 18497 0.590909
446 467 0.730189
446 231 0.599645
446 1719 0.642931
447 11237 0.559431
447 1878 0.774374
447 7188 0.644444
448 1819 0.722097
448 634 0.576101
448 765 0.610562
449 2025 0.597085
449 1995 0.69391
449 1466 0.616849
450 426 0.673623
450 250 0.564459
450 1318 0.547029
451 192 0.894636
451 1221 0.688283
451 2826 0.594684
452 4066 0.663489
452 3143 0.750652
452 1117 0.677603
453 23799 0.447214
453 6084 0.548673
453 1307 0.614423
454 13518 0.384371
454 5226 0.357727
454 2619 0.395383
455 67 0.803492
455 1761 0.79884
455 2961 0.77359
456 253 0.742368
456 4199 0.67786
456 6219 0.643041
457 1704 0.722662
457 379 0.850478
457 414 0.719087
458 12 0.573369
458 6708 0.533578
458 4303 0.562441
459 2254 0.475867
459 3073 0.503497
459 13451 0.474342
460 112 0.696914
460 9597 0.6506
460 7660 0.669864
461 430 0.5082
461 2244 0.614502
461 2337 0.482691
462 550 0.517953
462 62 0.493406
462 148 0.489016
463 225 0.564436
463 1603 0.553722
463 903 0.566858
464 184 0.747965
464 738 0.757129
464 3077 0.633848
465 20212 0.689667
465 343 0.554083
465 3504 0.699945
466 36 0.841897
466 314 0.809219
466 303 0.774246
467 446 0.730189
467 166 0.584764
467 231 0.589927
468 1580 0.824576
468 27753 0.614424
468 1326 0.849953
469 19700 0.673575
469 26688 0.581914
469 13322 0.667823
470 24 0.656404
470 37 0.566078
470 15 0.567153
471 2 0.79823
471 163 0.881733
471 1345 0.733442
472 25523 0.422577
472 10891 0.422577
472 17184 0.422577
473 18 0.484452
473 26160 0.467099
473 2150 0.498483
474 1927 0.516219
474 21371 0.501675
474 15147 0.501675
475 27259 0.694709
475 19185 0.694709
475 18591 0.694709
476 13543 0.565301
476 5827 0.60911
476 13889 0.481543
477 7746 0.429772
477 688 0.472686
477 4073 0.424641
478 25906 0.445566
478 536 0.454754
478 365 0.460409
479 2444 0.587712
479 98 0.578877
479 1275 0.663576
480 168 0.673584
480 3053 0.682084
480 154 0.694176
481 26160 0.591608
481 25166 0.591608
481 2641 0.670908
482 3270 0.619009
482 4219 0.619009
482 4845 0.654381
483 168 0.719232
483 154 0.78954
483 428 0.745661
484 116 0.70795
484 1751 0.718387
484 171 0.701812
485 2033 0.528125
485 25166 0.512148
485 246 0.518664
486 11099 0.684217
486 2537 0.802019
486 5413 0.830181
487 1069 0.631482
487 1837 0.434515
487 4294 0.512199
488 1298 0.668731
488 7532 0.596108
488 3952 0.607477
489 873 0.831
489 3733 0.828348
489 23399 0.711491
490 634 0.665723
490 1352 0.711406
490 13121 0.631931
491 15209 0.534522
491 1689 0.586461
491 144 0.564976
492 1071 0.424291
492 27245 0.427593
492 1114 0.459443
493 4527 0.582674
493 1292 0.656846
493 1665 0.554348
494 7359 0.567613
494 6630 0.391254
494 12112 0.376867
495 4444 0.616236
495 50 0.494454
495 1573 0.556354
496 8537 0.48734
496 8416 0.490748
496 6821 0.527148
497 25387 0.62092
497 3432 0.703043
497 23907 0.62092
498 865 0.541266
498 2757 0.503367
498 7371 0.538537
499 3869 0.717135
499 2578 0.835855
499 1879 0.721688
500 428 0.670495
500 706 0.598835
500 483 0.649135
501 22185 0.492366
501 2070 0.436328
501 22266 0.452267
502 1616 0.68521
502 3640 0.692166
502 1031 0.699786
503 12800 0.553399
503 17726 0.574524
503 276 0.54541
504 2113 0.434651
504 15227 0.48107
504 9743 0.427618
505 246 0.626957
505 22085 0.535714
505 26220 0.578638
506 2855 0.634174
506 21716 0.639602
506 8952 0.601781
507 20 0.776818
507 16029 0.78326
507 2041 0.720294
508 944 0.608381
508 9259 0.620217
508 1000 0.617903
509 1147 0.660446
509 5046 0.561864
509 3893 0.618423
510 732 0.492925
510 21399 0.64049
510 3880 0.66509
511 6516 0.519258
511 25888 0.513289
511 12040 0.513289
512 89 0.595062
512 75 0.627464
512 311 0.594136
513 2041 0.683509
513 16029 0.731272
513 896 0.693447
514 432 0.669849
514 2529 0.639293
514 832 0.615537
515 24000 0.569174
515 2546 0.539758
515 818 0.519691
516 206 0.497942
516 1755 0.508727
516 1788 0.515208
517 255 0.557184
517 4130 0.467764
517 844 0.461225
518 6604 0.672664
518 215 0.646012
518 9574 0.672664
519 5853 0.630841
519 2443 0.67429
519 5358 0.558514
520 13751 0.545545
520 22285 0.545545
520 15322 0.545545
521 20 0.680554
521 1596 0.651814
521 507 0.645893
522 2424 0.820826
522 4985 0.718709
522 15344 0.705274
523 2799 0.675866
523 2750 0.823653
523 12272 0.678302
524 1170 0.526134
524 11309 0.535303
524 800 0.840475
525 223 0.744908
525 1 0.607994
525 78 0.60769
526 26160 0.533002
526 25166 0.533002
526 515 0.482422
527 17275 0.678133
527 17568 0.678133
527 6301 0.768208
528 10561 0.52288
528 10374 0.515889
528 8925 0.515889
529 266 0.63446
529 2265 0.553977
529 1566 0.592945
530 47 0.63332
530 12 0.630853
530 1920 0.628632
531 4515 0.727574
531 558 0.830008
531 16029 0.686803
532 26125 0.543045
532 3914 0.840427
532 8244 0.743338
533 290 0.735173
533 440 0.690849
533 27399 0.655273
534 412 0.648305
534 5879 0.600535
534 513 0.67783
535 1066 0.766269
535 2088 0.71247
535 1631 0.717079
536 168 0.702281
536 382 0.746278
536 1013 0.74976
537 7626 0.672022
537 457 0.621936
537 1426 0.616489
538 444 0.889637
538 7663 0.496633
538 247 0.478939
539 157 0.817916
539 379 0.74241
539 315 0.744777
540 9176 0.674551
540 11875 0.527645
540 18 0.598765
541 2196 0.463281
541 8814 0.436113
541 14301 0.454257
542 91 0.697699
542 2356 0.668727
542 1881 0.682143
543 116 0.605482
543 219 0.573681
543 8 0.578333
544 3516 0.700286
544 869 0.784314
544 594 0.675534
545 4580 0.621034
545 24000 0.641941
545 1987 0.799724
546 1807 0.418722
546 18444 0.503509
546 24797 0.448561
547 8 0.609649
547 774 0.57565
547 281 0.572812
548 2334 0.464238
548 20926 0.4
548 4520 0.412948
549 3136 0.641427
549 22503 0.473365
549 23315 0.473365
550 868 0.585729
550 2776 0.638349
550 7130 0.716068
551 130 0.578354
551 4 0.582894
551 128 0.646807
552 3993 0.726476
552 433 0.841435
552 940 0.717095
553 2408 0.465794
553 460 0.481871
553 3512 0.534841
554 5870 0.694022
554 17499 0.680336
554 10544 0.575
555 22683 0.517294
555 15089 0.451763
555 7047 0.494881
556 7394 0.543583
556 9402 0.622093
556 6148 0.576018
557 713 0.602832
557 45 0.597564
557 558 0.568424
558 4515 0.691148
558 531 0.830008
558 16029 0.771389
559 50 0.660285
559 1771 0.542851
559 1396 0.511542
560 4856 0.577105
560 50 0.594806
560 4418 0.56442
561 6989 0.447214
561 23217 0.596481
561 17657 0.504715
562 6290 0.518476
562 2342 0.506259
562 22377 0.49099
563 16 0.665584
563 53 0.694299
563 132 0.673788
564 5726 0.286972
564 27393 0.302372
564 25177 0.338062
565 11011 0.6791
565 663 0.685347
565 26200 0.6791
566 48 0.58386
566 24513 0.481125
566 1583 0.523139
567 6839 0.3175
567 24160 0.311086
567 19883 0.311086
568 1001 0.776994
568 23 0.646206
568 2 0.656457
569 331 0.595367
569 16029 0.588348
569 20167 0.555662
570 1633 0.724872
570 184 0.692611
570 1791 0.536434
571 1316 0.557007
571 1236 0.616655
571 218 0.603148
572 3741 0.662162
572 57 0.506435
572 12456 0.47094
573 345 0.745017
573 154 0.754264
573 1385 0.760728
574 563 0.596694
574 137 0.644175
574 16 0.621982
575 6243 0.602615
575 1461 0.69445
575 21111 0.542857
576 1988 0.554151
576 539 0.556401
576 2608 0.552991
577 19654 0.568574
577 4807 0.481457
577 9718 0.450377
578 188 0.580165
578 28219 0.447767
578 5460 0.406222
579 64 0.617461
579 11109 0.540899
579 4077 0.603991
580 196 0.609744
580 4240 0.51164
580 226 0.547622
581 1587 0.584688
581 7506 0.613795
581 1157 0.600042
582 256 0.617417
582 391 0.844643
582 691 0.648844
583 7221 0.638915
583 10712 0.632026
583 3198 0.606866
584 231 0.69753
584 1712 0.702376
584 866 0.705368
585 199 0.720797
585 323 0.630428
585 1499 0.77488
586 489 0.699095
586 3733 0.674699
586 23399 0.596962
587 3499 0.617888
587 2954 0.696819
587 3908 0.635989
588 14675 0.609425
588 6466 0.65372
588 1249 0.860692
589 1852 0.590532
589 2821 0.628102
589 1099 0.868277
590 11727 0.57735
590 26887 0.447214
590 11999 0.466569
591 3022 0.405096
591 17404 0.593366
591 625 0.56133
592 20299 0.405554
592 15438 0.405554
592 966 0.922152
593 151 0.542189
593 160 0.538458
593 231 0.54756
594 869 0.699951
594 1560 0.780277
594 5557 0.684917
595 18 0.578194
595 512 0.518498
595 113 0.549912
596 1698 0.663325
596 5046 0.47001
596 2727 0.467026
597 441 0.585622
597 893 0.572525
597 1781 0.601511
598 5059 0.551724
598 25008 0.499137
598 128 0.508898
599 6747 0.467244
599 5880 0.468343
599 3063 0.598058
600 666 0.582704
600 958 0.755192
600 18503 0.588984
601 5433 0.659838
601 7564 0.668434
601 16029 0.62706
602 13268 0.536745
602 24729 0.536745
602 5460 0.534522
603 112 0.624046
603 460 0.493663
603 109 0.496777
604 3826 0.478537
604 520 0.472225
604 185 0.484064
605 1545 0.566991
605 534 0.558678
605 2041 0.542763
606 1185 0.801459
606 15592 0.558064
606 24939 0.558064
607 2154 0.611002
607 1132 0.800641
607 7581 0.682191
608 992 0.668424
608 1920 0.66917
608 17726 0.698696
609 248 0.592544
609 2050 0.728931
609 663 0.610523
610 9709 0.699379
610 3742 0.7298
610 4918 0.707805
611 191 0.57722
611 326 0.568962
611 1205 0.820494
612 4624 0.665899
612 1959 0.660508
612 6068 0.675053
613 1651 0.57056
613 177 0.563801
613 5250 0.575642
614 446 0.481979
614 27060 0.466924
614 13466 0.466924
615 154 0.710439
615 428 0.71229
615 168 0.67725
616 11900 0.588348
616 3517 0.610089
616 28048 0.61451
617 200 0.634024
617 8142 0.521672
617 13381 0.556038
618 2097 0.516935
618 2289 0.662274
618 710 0.541682
619 2208 0.460969
619 9960 0.59366
619 8008 0.59366
620 1044 0.481682
620 9 0.53737
620 20560 0.475
621 10202 0.460977
621 5505 0.459231
621 4290 0.495017
622 193 0.57675
622 1121 0.545186
622 405 0.479183
623 2216 0.748222
623 7353 0.607978
623 4821 0.670267
624 9486 0.556846
624 2107 0.486398
624 10928 0.419371
625 25712 0.576782
625 1070 0.572724
625 2944 0.669594
626 94 0.7359
626 10260 0.636715
626 703 0.828493
627 672 0.504308
627 71 0.486274
627 1296 0.478091
628 1061 0.562505
628 39 0.561691
628 5282 0.537328
629 67 0.750463
629 3383 0.706075
629 2759 0.710889
630 7617 0.564152
630 2439 0.483509
630 10156 0.444102
631 8772 0.577018
631 7072 0.571501
631 9030 0.571501
632 771 0.493509
632 455 0.481721
632 1651 0.479067
633 112 0.607124
633 285 0.59154
633 767 0.619311
634 1352 0.707352
634 490 0.665723
634 765 0.714906
635 134 0.751288
635 3794 0.737822
635 4032 0.721604
636 1400 0.508225
636 1795 0.410997
636 2789 0.399406
637 231 0.669509
637 168 0.651451
637 584 0.64813
638 139 0.661944
638 1025 0.498918
638 1434 0.610089
639 16294 0.474342
639 3316 0.446292
639 1005 0.385434
640 2083 0.552442
640 4777 0.540621
640 5589 0.662559
641 1931 0.567698
641 215 0.505003
641 8195 0.484182
642 1135 0.547257
642 2644 0.764265
642 6296 0.72341
643 4300 0.863912
643 1149 0.945566
643 3560 0.737411
644 851 0.629383
644 1905 0.631748
644 2480 0.530669
645 375 0.436759
645 6405 0.433341
645 217 0.459149
646 3609 0.508578
646 12311 0.444331
646 16467 0.444331
647 8511 0.386044
647 949 0.38426
647 6936 0.433555
648 2511 0.561754
648 96 0.540907
648 3177 0.58259
649 25166 0.400892
649 26160 0.400892
649 3643 0.419314
650 17 0.60835
650 10361 0.589028
650 4365 0.579674
651 379 0.544996
651 1080 0.549968
651 518 0.519139
652 319 0.617199
652 4781 0.572311
652 1207 0.605015
653 699 0.595264
653 257 0.540062
653 171 0.460195
654 299 0.84412
654 1109 0.7766
654 3584 0.75317
655 8955 0.713024
655 5819 0.644416
655 1015 0.67977
656 1668 0.70516
656 18177 0.562485
656 28448 0.562485
657 64 0.60626
657 18278 0.47194
657 25926 0.47194
658 62 0.726705
658 16382 0.520416
658 20344 0.522976
659 1729 0.554219
659 986 0.540981
659 784 0.569624
660 31 0.658836
660 12457 0.692219
660 5808 0.667781
661 797 0.712091
661 3868 0.612209
661 542 0.579687
662 15646 0.660338
662 12882 0.660338
662 5459 0.799778
663 248 0.68488
663 565 0.685347
663 895 0.661718
664 134 0.62657
664 1095 0.607394
664 895 0.582684
665 2579 0.639137
665 12585 0.61993
665 17049 0.61993
666 200 0.665556
666 422 0.639021
666 1472 0.731727
667 12 0.600138
667 2353 0.59642
667 4303 0.622841
668 1345 0.824923
668 704 0.760416
668 23 0.74072
669 10916 0.68631
669 5875 0.691176
669 868 0.837682
670 275 0.487204
670 21397 0.463586
670 662 0.571431
671 175 0.750001
671 94 0.716929
671 15 0.70818
672 247 0.573266
672 929 0.566139
672 71 0.568655
673 14794 0.626099
673 9399 0.5547
673 171 0.551302
674 18529 0.493915
674 3498 0.613167
674 27049 0.493915
675 86 0.526088
675 2170 0.606565
675 1122 0.606296
676 386 0.600481
676 705 0.643402
676 324 0.595819
677 4986 0.732459
677 5693 0.670213
677 4159 0.69474
678 26184 0.575766
678 22200 0.575766
678 26752 0.575766
679 3740 0.472703
679 5046 0.492366
679 1682 0.491935
680 1034 0.656834
680 806 0.633267
680 1403 0.641992
681 222 0.708242
681 16029 0.53033
681 1190 0.701561
682 101 0.54953
682 18649 0.505076
682 22644 0.496342
683 3244 0.504621
683 5450 0.603587
683 1527 0.74407
684 135 0.598693
684 24464 0.558291
684 9899 0.549767
685 12619 0.559149
685 171 0.553177
685 1751 0.580564
686 2890 0.666973
686 27 0.622433
686 2997 0.614192
687 134 0.678646
687 31 0.69701
687 774 0.700461
688 4073 0.508407
688 6614 0.488918
688 4690 0.488071
689 3605 0.595914
689 2476 0.497027
689 8426 0.522233
690 2531 0.664784
690 2120 0.664784
690 3332 0.66575
691 582 0.648844
691 663 0.526939
691 27601 0.519875
692 27278 0.481543
692 154 0.437597
692 168 0.48654
693 475 0.576419
693 13322 0.594089
693 795 0.534768
694 40 0.787203
694 900 0.824745
694 147 0.822991
695 1201 0.907409
695 1505 0.821777
695 3233 0.832178
696 1312 0.530903
696 18 0.527516
696 1339 0.525411
697 17709 0.524631
697 10705 0.568399
697 2326 0.627054
698 12 0.649718
698 208 0.831418
698 2418 0.7662
699 8025 0.715626
699 171 0.722446
699 10440 0.715626
700 29 0.634921
700 132 0.624815
700 563 0.595465
701 1377 0.561039
701 1304 0.548769
701 1312 0.629633
702 1038 0.532508
702 2976 0.565194
702 38 0.573068
703 94 0.719752
703 626 0.828493
703 10260 0.658733
704 668 0.760416
704 5902 0.82088
704 1345 0.853682
705 324 0.815405
705 134 0.652972
705 359 0.647153
706 231 0.638059
706 380 0.646788
706 168 0.655328
707 2824 0.602783
707 16029 0.552345
707 1240 0.693909
708 47 0.543976
708 18903 0.5
708 27889 0.49573
709 4819 0.638897
709 2161 0.714853
709 11407 0.714308
710 27753 0.565916
710 2289 0.611312
710 468 0.582833
711 1103 0.493129
711 1205 0.449013
711 4305 0.52656
712 3053 0.57225
712 218 0.58652
712 1385 0.574051
713 45 0.728747
713 127 0.717195
713 2041 0.709575
714 7229 0.540928
714 442 0.497035
714 27371 0.519291
715 303 0.650095
715 100 0.634135
715 36 0.690546
716 12238 0.503115
716 21567 0.51387
716 5184 0.614919
717 16029 0.390567
717 13149 0.407556
717 27940 0.407556
718 2892 0.641493
718 1999 0.724087
718 727 0.636364
719 114 0.601149
719 2451 0.552566
719 1337 0.589307
720 3737 0.651029
720 3495 0.580381
720 3300 0.580381
721 580 0.502386
721 1796 0.767533
721 10876 0.576351
722 21706 0.63901
722 13322 0.625
722 16504 0.589256
723 1398 0.571548
723 205 0.558046
723 20344 0.549972
724 5556 0.495188
724 7617 0.536056
724 2218 0.670653
725 4914 0.736242
725 2442 0.660908
725 1876 0.671431
726 9030 0.565848
726 1509 0.586401
726 7072 0.565848
727 718 0.636364
727 28430 0.666667
727 1999 0.630407
728 332 0.572073
728 26300 0.619324
728 27 0.531988
729 757 0.434543
729 1499 0.473365
729 1262 0.668946
730 423 0.719658
730 1279 0.614192
730 2203 0.708333
731 10300 0.664828
731 12 0.678175
731 1364 0.646997
732 510 0.492925
732 21399 0.522233
732 3880 0.499202
733 5616 0.679722
733 1551 0.84299
733 4688 0.680184
734 530 0.60448
734 12 0.591398
734 47 0.593741
735 5492 0.574244
735 359 0.591597
735 895 0.671988
736 3640 0.636256
736 27 0.634873
736 5 0.616182
737 19 0.626656
737 187 0.568875
737 808 0.611164
738 464 0.757129
738 3077 0.714003
738 13173 0.631364
739 270 0.560279
739 55 0.593746
739 48 0.569156
740 1970 0.663188
740 4629 0.485643
740 21723 0.475831
741 404 0.533114
741 2907 0.472709
741 4755 0.467572
742 187 0.7141
742 468 0.536913
742 36 0.537854
743 134 0.533168
743 31 0.507636
743 774 0.518558
744 418 0.632807
744 2301 0.600258
744 48 0.592909
745 2235 0.468807
745 20742 0.423659
745 17431 0.370625
746 6221 0.46569
746 3036 0.651843
746 6363 0.491562
747 1719 0.653464
747 231 0.640337
747 26364 0.630126
748 97 0.61685
748 4937 0.678824
748 1276 0.917113
749 7190 0.586302
749 10708 0.426401
749 24464 0.360844
750 14725 0.560112
750 6164 0.536288
750 27795 0.560112
751 4405 0.625543
751 4512 0.64254
751 9935 0.641427
752 1168 0.48374
752 18273 0.51387
752 20613 0.580948
753 11092 0.524222
753 16794 0.570701
753 17325 0.524222
754 27204 0.617091
754 1313 0.6794
754 7052 0.609952
755 206 0.528848
755 9026 0.601938
755 3819 0.607571
756 20782 0.604743
756 231 0.545443
756 168 0.538133
757 2 0.777999
757 767 0.765944
757 23 0.774798
758 3487 0.373765
758 5390 0.780093
758 24060 0.63375
759 1424 0.749196
759 16029 0.666667
759 507 0.665771
760 1006 0.663382
760 186 0.603752
760 16029 0.658505
761 826 0.762121
761 26525 0.457496
761 24587 0.477396
762 17036 0.511101
762 542 0.512543
762 293 0.516367
763 1297 0.454791
763 7170 0.497594
763 158 0.514725
764 89 0.689124
764 246 0.628636
764 805 0.633832
765 1192 0.681946
765 1721 0.639652
765 634 0.714906
766 23 0.709913
766 2 0.700764
766 1409 0.739038
767 757 0.765944
767 23 0.753421
767 2 0.737825
768 10115 0.524219
768 5937 0.615387
768 1502 0.507093
769 14 0.591483
769 856 0.570876
769 34 0.582558
770 5010 0.612372
770 28003 0.573539
770 1711 0.900757
771 3206 0.675441
771 12694 0.560612
771 1293 0.666694
772 2123 0.520719
772 1563 0.504878
772 23663 0.500979
773 3222 0.62643
