1 23 1.77652
1 25 1.93121
1 30 1.79058
2 15 1.83207
2 163 2.03749
2 23 1.88289
3 1470 1.42085
3 1 1.36477
3 255 1.78571
4 5996 1.42194
4 5971 1.5597
4 128 2.1223
5 43 1.63268
5 6 1.74059
5 22 1.54861
6 5 1.74059
6 17 1.87518
6 43 1.49081
7 233 1.89742
7 240 1.91619
7 94 1.67699
8 309 1.24546
8 33 1.33412
8 281 1.44338
9 211 1.70324
9 1239 1.22326
9 10 1.25539
10 6 1.21503
10 70 1.33168
10 9 1.25539
11 661 1.18281
11 797 1.2265
11 838 1.26407
12 1920 1.60983
12 2029 1.58027
12 215 1.51374
13 18 1.36214
13 3199 1.26293
13 48 1.37711
14 314 1.85892
14 31 1.56831
14 36 1.88475
15 2 1.83207
15 23 1.83269
15 175 1.76097
16 132 1.53397
16 76 1.43615
16 28 1.88012
17 140 1.32858
17 6 1.87518
17 24 1.33178
18 1620 1.56322
18 13 1.36214
18 1312 1.38298
19 149 2.10086
19 737 1.58761
19 808 1.54085
20 629 1.62611
20 507 1.55364
20 67 1.90484
21 45 1.3873
21 115 1.48513
21 18 1.34982
22 5 1.54861
22 24 1.93508
22 320 1.33949
23 40 1.92338
23 2 1.88289
23 15 1.83269
24 22 1.93508
24 17 1.33178
24 26 1.45484
25 2177 1.74567
25 1 1.93121
25 23 1.63345
26 24 1.45484
26 46 1.74909
26 15 1.6373
27 83 2.08467
27 332 1.91765
27 1181 1.73769
28 137 1.26908
28 513 1.19331
28 16 1.88012
29 926 1.62225
29 1143 1.37626
29 700 1.46913
30 39 1.50077
30 1 1.79058
30 25 1.47905
31 134 1.92037
31 303 1.91359
31 36 2.10532
32 214 1.55938
32 1559 1.67332
32 434 1.54856
33 418 1.55646
33 108 1.54421
33 1245 1.51768
34 14 1.37314
34 40 1.41774
34 128 1.42948
35 1 1.4893
35 1200 1.47778
35 2147 1.85782
36 31 2.10532
36 303 2.38022
36 314 2.08399
37 41 1.52158
37 51 1.48916
37 39 1.35399
38 702 1.57577
38 95 1.57444
38 565 1.52809
39 628 1.64075
39 1 1.50505
39 1061 1.50802
40 2 1.64194
40 23 1.92338
40 102 1.77533
41 143 1.67105
41 37 1.52158
41 512 1.43481
42 1308 2.06433
42 1541 1.95509
42 1392 2.14586
43 5 1.63268
43 250 1.26607
43 6 1.49081
44 373 1.5531
44 1755 1.42913
44 1788 1.33507
45 713 1.45749
45 55 1.39488
45 20 1.45336
46 23 1.56455
46 26 1.74909
46 15 1.66522
47 708 1.61351
47 1090 1.5832
47 1426 1.65544
48 13 1.37711
48 53 1.27538
48 113 1.33832
49 16029 1.31685
49 1911 1.41976
49 718 1.43717
50 1671 1.45197
50 1958 1.33353
50 1168 1.5726
51 78 1.71486
51 37 1.48916
51 230 1.55309
52 557 1.15007
52 28289 0.996332
52 87 1.04732
53 56 1.44148
53 1186 1.52517
53 155 1.71332
54 1250 1.21378
54 9063 1.23531
54 1516 1.2567
55 270 1.64139
55 1176 1.60362
55 369 1.81848
56 53 1.44148
56 1020 1.7468
56 1351 1.28887
57 114 1.544
57 72 1.35805
57 271 1.54103
58 1704 1.14948
58 387 1.25345
58 1427 1.34755
59 282 1.55377
59 259 1.42154
59 1 1.35924
60 367 1.32923
60 312 1.40766
60 281 1.31434
61 231 1.38497
61 166 1.4364
61 154 1.36591
62 148 1.94137
62 280 1.27678
62 658 1.73657
63 379 1.52439
63 12 1.37915
63 983 1.37593
64 292 1.22572
64 657 1.38307
64 579 1.53467
65 2177 1.96368
65 25 1.55248
65 2200 1.43645
66 296 1.5409
66 236 1.52016
66 1 1.15265
67 1818 1.93811
67 629 1.96983
67 455 2.26627
68 1238 1.72896
68 23 1.58733
68 147 1.84236
69 2443 1.10508
69 2043 1.23667
69 234 1.36555
70 10 1.33168
70 33 1.29579
70 8 1.23599
71 192 1.46689
71 929 1.3745
71 1530 1.55666
72 132 1.39575
72 57 1.35805
72 193 1.37164
73 81 1.44895
73 112 1.30333
73 3020 1.35733
74 15 1.50376
74 410 1.72544
74 175 1.56985
75 412 1.37747
75 1538 1.40769
75 1713 1.37205
76 1289 1.71597
76 7245 1.51686
76 1722 1.72158
77 694 1.01759
77 6538 1.14902
77 2 1.02048
78 51 1.71486
78 242 1.92526
78 230 2.26277
79 10337 1.11902
79 248 1.17695
79 2223 1.13107
80 1347 1.34005
80 1906 1.02109
80 298 1.03398
81 1084 1.25029
81 395 1.26199
81 73 1.44895
82 2755 1.27088
82 143 1.14192
82 512 1.37036
83 1181 1.68183
83 332 1.71859
83 27 2.08467
84 5934 1.55964
84 198 1.74743
84 286 1.45816
85 53 1.43894
85 6 1.29574
85 126 1.27197
86 1122 1.14118
86 675 1.46878
86 16965 0.946032
87 415 1.37341
87 52 1.04732
87 984 1.09899
88 15 1.09587
88 94 1.04302
88 107 1.08383
89 805 1.2638
89 764 1.40172
89 2841 1.35662
90 297 1.03527
90 891 1.55255
90 2684 1.075
91 394 1.60313
91 542 1.3954
91 172 1.34533
92 3235 1.30634
92 830 1.15357
92 530 1.17116
93 1310 1.41792
93 508 1.28231
93 1018 1.27799
94 374 1.7852
94 626 1.65859
94 7 1.67699
95 192 1.24899
95 38 1.57444
95 702 1.38742
96 1423 1.64616
96 332 1.48304
96 648 1.50683
97 2587 1.44301
97 2489 1.39091
97 748 1.38618
98 3447 1.34473
98 3089 1.4825
98 144 1.34106
99 6757 1.277
99 1 1.3083
99 25 1.33681
100 1300 1.7387
100 351 1.90516
100 303 1.59726
101 9667 1.11328
101 682 1.2362
101 1267 1.08139
102 23 1.58173
102 40 1.77533
102 20406 1.44673
103 231 1.1229
103 1719 1.04745
103 1002 1.13541
104 2751 1.20156
104 872 1.68912
104 1056 1.65611
105 13268 1.4606
105 24729 1.35213
105 5460 1.34484
106 1076 0.804158
106 22148 0.887604
106 2219 0.914141
107 22358 1.03585
107 4925 1.19833
107 88 1.08383
108 33 1.54421
108 1059 1.49508
108 418 1.63077
109 1837 1.36274
109 1947 1.42464
109 816 1.35894
110 3865 1.22395
110 1789 1.31248
110 2308 1.41727
111 698 1.53181
111 12 1.35917
111 1028 1.53185
112 109 1.30405
112 460 1.39383
112 603 1.67032
113 531 1.49988
113 558 1.40935
113 883 1.44037
114 57 1.544
114 238 1.35061
114 719 1.3378
115 195 1.1647
115 21 1.48513
115 3008 1.26462
116 484 1.44421
116 219 1.28646
116 3778 1.26229
117 8146 1.09529
117 167 1.20487
117 72 1.0953
118 9486 1.12687
118 473 1.36297
118 2316 1.1951
119 199 0.997316
119 1125 1.00974
119 287 1.00712
120 922 1.3635
120 3573 1.46918
120 484 1.37342
121 507 1.22713
121 1620 1.28092
121 1788 1.27525
122 1617 1.23994
122 120 1.14106
122 3573 1.3271
123 1828 1.38571
123 1336 1.7677
123 1614 1.5263
124 536 1.33293
124 144 1.36286
124 218 1.26346
125 1986 1.03527
125 841 1.12909
125 477 1.07516
126 3079 1.41598
126 85 1.27197
126 6 1.29978
127 713 1.72016
127 1757 1.52413
127 1050 1.39609
128 40 1.63215
128 694 1.45682
128 4 2.1223
129 168 1.51728
129 2052 1.73045
129 218 1.51415
130 34 1.37276
130 2 1.36964
130 162 1.83138
131 2084 1.09488
131 824 1.23699
131 27018 0.91287
132 700 1.83322
132 968 1.96552
132 281 2.12873
133 395 1.80934
133 2895 1.43858
133 3020 1.62936
134 1593 1.61805
134 1095 1.88445
134 31 1.92037
135 6515 1.23393
135 2899 1.20019
135 3034 1.45844
136 22949 0.971482
136 246 0.875148
136 1359 0.940914
137 22 1.29286
137 574 1.28835
137 16 1.42867
138 238 1.21643
138 407 0.879264
138 26901 0.860014
139 944 1.7192
139 338 1.26515
139 638 1.93881
140 17 1.32858
140 15 1.30553
140 4 1.22771
141 31 1.29622
141 1135 1.9277
141 1934 1.66638
142 313 1.57915
142 165 1.2336
142 89 1.19362
143 41 1.67105
143 512 1.43507
143 4945 1.36303
144 1689 1.7721
144 1013 1.44912
144 1272 1.45838
145 2270 0.814836
145 1848 0.877984
145 2043 1.01205
146 417 1.97452
146 71 1.28313
146 7162 1.30999
147 68 1.84236
147 2 1.61397
147 694 1.64598
148 62 1.94137
148 658 1.4704
148 1016 1.65458
149 1803 1.87856
149 808 1.95152
149 19 2.10086
150 893 1.23348
150 308 1.24681
150 218 1.26272
151 154 1.34398
151 231 1.42747
151 168 1.37686
152 7618 1.29161
152 185 1.09043
152 2421 1.34941
153 6069 1.2584
153 552 1.40997
153 433 1.59367
154 166 1.6086
154 168 1.67705
154 382 1.77422
155 193 1.28278
155 53 1.71332
155 72 1.27843
156 1938 1.21671
156 3438 1.28307
156 1689 1.2228
157 1055 1.49186
157 315 2.09557
157 539 2.22658
158 28594 1.30931
158 1062 1.25988
158 427 1.25243
159 3144 0.992412
159 15679 0.936586
159 23112 0.936586
160 1382 1.31417
160 231 1.34097
160 151 1.32202
161 940 1.16022
161 2523 1.73921
161 2740 1.5034
162 26 1.41276
162 4018 1.57184
162 130 1.83138
163 2754 1.57824
163 471 1.91827
163 2 2.03749
164 355 2.17117
164 7006 1.44571
164 3832 1.44895
165 486 1.51241
165 2537 1.44528
165 27 1.31654
166 154 1.6086
166 6359 1.53274
166 231 1.52304
167 10686 1.28581
167 117 1.20487
167 113 1.24002
168 154 1.67705
168 2764 1.89663
168 4500 1.57679
169 20413 0.960392
169 1024 0.964184
169 3615 0.915698
170 274 1.47832
170 215 1.53917
170 12 1.48909
171 2090 2.03926
171 2555 1.6812
171 2169 1.7875
172 1121 1.36962
172 405 1.50944
172 225 1.57481
173 207 1.26782
173 135 0.984136
173 5629 0.934827
174 3680 1.31237
174 197 1.26106
174 27923 1.49031
175 23 1.52645
175 15 1.76097
175 74 1.56985
176 184 1.29641
176 289 1.14746
176 64 1.05579
177 4 1.41738
177 2015 1.25165
177 1587 1.36015
178 4213 1.43951
178 2216 1.37511
178 1364 1.53662
179 331 1.25382
179 531 1.19817
179 507 1.21338
180 3886 1.38224
180 42 1.35305
180 1712 1.19212
181 1913 0.969126
181 7823 1.13237
181 3075 1.16864
182 956 1.66657
182 1704 1.44637
182 12 1.44635
183 78 1.54577
183 938 1.56694
183 1146 1.72084
184 738 1.49875
184 570 1.58858
184 464 2.09003
185 3214 1.23629
185 6033 1.30816
185 3826 1.34266
186 1006 2.12815
186 2022 1.47325
186 626 1.64412
187 742 1.46784
187 352 1.23557
187 6060 1.23672
188 3317 1.146
188 578 1.36373
188 326 1.16368
189 2190 1.5125
189 513 1.49897
189 22 1.33116
190 5766 1.29345
190 360 1.75564
190 1439 1.33529
191 1013 1.40383
191 2040 1.33705
191 326 1.5272
192 1221 1.26081
192 71 1.46689
192 451 2.25677
193 53 1.34919
193 72 1.37164
193 3560 1.37676
194 4994 1.31391
194 294 1.30332
194 1021 1.17704
195 20 1.52151
195 507 1.2817
195 21 1.24339
196 580 1.23696
196 5645 1.27073
196 226 1.13481
197 1522 1.48006
197 874 1.37958
197 1942 1.58514
198 2 1.41017
198 84 1.74743
198 286 1.73669
199 323 2.3774
199 585 1.68974
199 419 1.82863
200 666 1.33111
200 3896 1.33813
200 617 1.46725
201 3940 1.33324
201 3029 1.45109
201 48 1.2167
202 964 1.75011
202 241 1.85169
202 1415 1.36433
203 1026 1.6165
203 347 1.4611
203 2959 1.43031
204 8511 0.926482
204 402 1.03157
204 2270 1.04359
205 5939 1.88371
205 2959 1.99447
205 1720 2.24325
206 2161 1.34108
206 2895 1.71067
206 133 1.36377
207 807 1.40198
207 5854 0.943456
207 173 1.26782
208 1561 1.62315
208 2233 1.56222
208 698 1.78948
209 2119 1.0958
209 1401 1.34752
209 6590 1.25851
210 2588 1.66497
210 521 1.26458
210 1596 1.24919
211 3344 1.65081
211 9 1.70324
211 1239 1.89197
212 1176 1.58227
212 55 1.54231
212 915 1.72592
213 867 1.86232
213 2057 1.54505
213 2658 1.47115
214 32 1.55938
214 671 1.59469
214 1305 1.34186
215 1072 2.01397
215 12 1.51374
215 170 1.53917
216 746 1.10776
216 1294 1.28107
216 2198 1.29152
217 2 1.51062
217 898 2.25715
217 946 1.62807
218 1313 1.84516
218 4064 1.58826
218 168 1.56533
219 2505 1.43102
219 4783 1.544
219 484 1.39435
220 4765 1.22845
220 14884 1.12856
220 1805 1.29934
221 83 0.991075
221 9185 1.18846
221 2545 1.59568
222 1109 1.25272
222 654 1.3073
222 681 1.69
223 1027 1.00341
223 525 1.71969
223 35 0.979178
224 1659 1.75709
224 3185 1.81376
224 1075 2.46561
225 2313 1.62634
225 1860 1.70696
225 172 1.57481
226 4729 1.51791
226 306 1.46848
226 6108 1.51155
227 7600 1.26898
227 4792 1.21525
227 1032 1.79231
228 3261 1.66135
228 1418 1.84503
228 2036 1.22925
229 465 1.01638
229 2164 1.06966
229 3590 1.02346
230 51 1.55309
230 78 2.26277
230 242 1.75177
231 1712 1.48419
231 168 1.53646
231 166 1.52304
232 435 1.06764
232 764 1.21231
232 1119 1.48922
233 7 1.89742
233 240 1.93743
233 1165 1.54682
234 5656 1.24053
234 2443 1.29939
234 69 1.36555
235 157 1.28879
235 385 1.73246
235 4568 1.25376
236 296 1.36387
236 1438 1.40601
236 66 1.52016
237 874 1.20952
237 154 1.16492
237 863 1.63743
238 270 1.63175
238 5318 1.46072
238 5873 1.46904
239 1682 1.57255
239 4062 1.24053
239 10848 1.12632
240 514 1.82029
240 7 1.91619
240 233 1.93743
241 202 1.85169
241 964 1.84161
241 2426 1.50263
242 230 1.75177
242 51 1.45466
242 78 1.92526
243 1450 1.67564
243 844 1.80902
243 147 1.2763
244 1873 1.53224
244 2447 1.40886
244 10413 1.27773
245 404 1.08059
245 813 1.36446
245 2879 1.09263
246 26160 1.39686
246 25166 1.39686
246 505 1.55938
247 1229 1.43504
247 2363 1.63415
247 1187 1.7389
248 2223 2.00408
248 3131 1.9086
248 1940 2.18645
249 1140 1.96065
249 5153 1.29607
249 16574 1.41483
250 43 1.26607
250 5 1.25752
250 889 1.24711
251 4140 1.11941
251 24187 1.01823
251 2723 1.30639
252 1518 1.25033
252 4277 1.17006
252 72 1.17277
253 2982 1.4961
253 4109 1.59954
253 456 1.9213
254 1867 1.20657
254 8593 1.10981
254 6003 1.04251
255 17907 1.38145
255 3 1.78571
255 20406 1.38145
256 220 1.11917
256 391 1.20174
256 582 1.23483
257 653 1.52672
257 302 1.59927
257 322 1.30583
258 1881 1.67063
258 542 1.51667
258 96 1.30344
259 59 1.42154
259 6877 1.14976
259 42 1.22058
260 1763 1.80087
260 573 1.49848
260 345 1.64201
261 2861 1.91532
261 2454 1.74311
261 3805 1.84128
262 20962 0.911466
262 1868 1.52244
262 20791 1.08941
263 2977 1.2075
263 1461 1.2353
263 16 1.13364
264 859 1.26733
264 1007 1.47198
264 781 1.54184
265 16199 1.23623
265 594 1.38275
265 544 1.65512
266 9 1.03887
266 19026 1.14774
266 529 1.29171
267 6 1.2727
267 53 1.26083
267 96 1.25283
268 16029 1.22759
268 2521 1.3399
268 4270 1.23365
269 428 1.22209
269 483 1.15183
269 615 1.2316
270 55 1.64139
270 369 1.33034
270 238 1.63175
271 1755 1.2544
271 20 1.38383
271 57 1.54103
272 918 1.93968
272 983 1.19289
272 1506 1.65965
273 14828 1.11803
273 2767 1.24019
273 18740 1.1068
274 170 1.47832
274 2458 1.42058
274 5717 1.12767
275 662 1.35323
275 706 1.23059
275 231 1.19318
276 12698 1.72311
276 1702 2.06904
276 1106 2.25333
277 4373 0.82902
277 2283 1.19876
277 8972 1.04592
278 5 0.930041
278 72 0.99665
278 542 0.948705
279 3082 1.34919
279 1592 1.38785
279 53 1.21999
280 36 1.31454
280 148 1.39656
280 892 1.3271
281 1120 1.53746
281 132 2.12873
281 968 1.72625
282 1085 1.71471
282 786 1.79913
282 59 1.55377
283 383 1.47496
283 889 1.40048
283 1232 1.37581
284 507 1.15173
284 26 1.19765
284 759 1.16975
285 3696 1.58172
285 2852 1.4867
285 2 1.56094
286 413 1.45203
286 198 1.73669
286 84 1.45816
287 7880 0.935778
287 783 1.24333
287 119 1.00712
288 3120 0.856111
288 3877 1.10045
288 2822 1.07552
289 176 1.14746
289 570 1.23021
289 184 1.41579
290 2556 1.21016
290 440 1.8323
290 533 1.76693
291 2128 1.17575
291 2662 1.52937
291 951 1.19996
292 643 1.52054
292 1662 1.44779
292 4956 1.37977
293 542 1.32575
293 2356 1.48293
293 502 1.46874
294 9791 1.24117
294 194 1.30332
294 4634 1.22076
295 48 1.15102
295 4769 1.32481
295 4286 1.4229
296 66 1.5409
296 2432 1.3647
296 1373 1.81323
297 1320 1.25244
297 408 1.12487
297 1191 1.58516
298 2420 1.59364
298 1572 1.37768
298 1425 1.73206
299 2506 1.7505
299 1109 1.90211
299 654 2.22842
300 1 1.21809
300 65 1.26866
300 1377 1.23374
301 44 1.32437
301 357 1.52394
301 5867 1.33018
302 699 1.10388
302 1046 1.08097
302 257 1.59927
303 466 1.94117
303 314 2.09979
303 36 2.38022
304 2741 1.33993
304 5820 1.35542
304 16354 1.32305
305 2891 1.22902
305 3074 1.22935
305 3992 1.68581
306 226 1.46848
306 14157 1.25475
306 1437 1.69297
307 5077 1.71617
307 1223 1.97995
307 6117 1.45955
308 150 1.24681
308 1588 1.16073
308 197 1.21749
309 6322 1.45809
309 2914 1.49137
309 2689 1.49528
310 401 2.08542
310 881 1.94632
310 1128 1.66508
311 1854 1.20984
311 1526 1.64979
311 89 1.24128
312 60 1.40766
312 1818 1.37619
312 907 1.74314
313 10054 1.26317
313 3391 1.657
313 142 1.57915
314 303 2.09979
314 466 1.973
314 36 2.08399
315 539 2.20475
315 1055 2.23848
315 157 2.09557
316 18100 0.971732
316 497 0.984363
316 1162 1.35081
317 2434 1.01665
317 3432 1.04479
317 830 0.998459
318 144 1.4307
318 1689 1.25108
318 4323 1.16938
319 633 1.02989
319 652 1.56206
319 1207 1.03209
320 16 1.23384
320 22 1.33949
320 3396 1.42812
321 4200 1.67117
321 2125 1.93477
321 2653 1.22372
322 1092 1.08418
322 343 1.48822
322 257 1.30583
323 199 2.3774
323 419 1.95656
323 585 1.5147
324 895 1.49152
324 705 2.20506
324 359 1.50018
325 15610 1.22621
325 57 1.2377
325 225 1.33025
326 1046 1.62954
326 191 1.5272
326 1013 1.99449
327 5996 1.27882
327 94 1.28866
327 5971 1.51919
328 19297 1.01278
328 26204 1.10335
328 5900 1.09427
329 1972 0.918434
329 13433 0.707106
329 25474 0.813158
330 876 1.03765
330 913 1.05462
330 5044 1.08693
331 6747 1.36817
331 569 1.52127
331 5880 1.38521
332 2997 1.87695
332 27 1.91765
332 924 2.09133
333 1938 1.02961
333 3663 0.943242
333 406 1.03267
334 1784 1.10173
334 507 1.124
334 713 1.11967
335 96 1.34188
335 405 1.61429
335 346 1.35255
336 843 1.16064
336 3972 1.3702
336 1005 1.18192
337 168 1.12294
337 874 1.09937
337 1606 1.69646
338 4131 1.27036
338 1398 1.67462
338 139 1.26515
339 26801 1.25708
339 2006 1.42124
339 4207 1.53991
340 832 1.21873
340 4469 1.22263
340 1228 1.65377
341 3459 1.32286
341 15795 1.16159
341 4625 1.11574
342 3429 1.2063
342 2598 0.846772
342 9193 0.852604
343 12963 1.19763
343 919 1.21385
343 322 1.48822
344 558 1.14363
344 1454 1.18639
344 713 1.17792
345 1385 1.55701
345 3192 1.58727
345 260 1.64201
346 4945 1.38652
346 96 1.39828
346 1811 2.07456
347 203 1.4611
347 1026 1.1009
347 1032 1.00555
348 1788 1.49253
348 4661 1.50601
348 1755 1.46403
349 10707 1.179
349 1374 1.2971
349 389 1.16074
350 978 0.750852
350 8255 1.02418
350 9944 0.92387
351 1602 1.53249
351 303 1.61109
351 100 1.90516
352 203 1.26288
352 3608 1.21036
352 187 1.23557
353 28210 1.0328
353 926 0.992586
353 29 0.996018
354 1348 0.912401
354 10519 0.778762
354 6590 0.802512
355 7006 1.6377
355 3832 1.85143
355 164 2.17117
356 24077 0.934198
356 3327 1.17237
356 12124 0.934198
357 1932 1.56816
357 301 1.52394
357 5867 1.40843
358 7923 1.24517
358 2585 1.22538
358 1521 1.87219
359 324 1.50018
359 705 1.46697
359 1365 1.43241
360 231 1.37867
360 1439 1.68278
360 190 1.75564
361 15 1.24126
361 5152 1.21049
361 25 1.15113
362 15895 1.16346
362 5151 1.12425
362 2294 1.16073
363 799 1.48222
363 3947 1.4908
363 17 1.16461
364 1693 1.50741
364 36 1.10373
364 2904 1.33472
365 380 1.2121
365 536 1.24972
365 1493 1.56401
366 1166 1.46459
366 6 1.10919
366 13 1.11778
367 1569 1.66753
367 2049 1.64961
367 3043 1.34315
368 507 1.19639
368 1428 1.29028
368 3559 1.20725
369 55 1.81848
369 212 1.41108
369 1176 1.55725
370 205 1.2847
370 1398 1.34917
370 1026 1.38557
371 4577 1.34727
371 6006 1.18034
371 15209 1.00791
372 391 0.976694
372 28045 0.93522
372 9375 0.94281
373 206 1.18461
373 44 1.5531
373 11407 1.19523
374 1936 1.38477
374 94 1.7852
374 7 1.60303
375 5432 1.72398
375 10335 1.59632
375 8709 1.68473
376 218 1.48636
376 168 1.45572
376 154 1.41274
377 226 0.86716
377 1402 1.22413
377 6101 0.848738
378 2826 1.76027
378 490 1.68165
378 2380 1.93784
379 539 1.48482
379 457 1.86007
379 63 1.52439
380 168 1.43301
380 1275 1.48707
380 231 1.46817
381 6 1.1319
381 5428 1.07165
381 17 1.28365
382 536 1.74856
382 168 1.57608
382 154 1.77422
383 6 1.41479
383 283 1.47496
383 2793 1.6616
384 563 1.23498
384 184 1.32325
384 713 1.3355
385 961 1.05647
385 3050 1.59178
385 235 1.73246
386 1026 1.38408
386 203 1.42233
386 774 1.5696
387 93 1.00203
387 2483 1.03164
387 58 1.25345
388 13967 0.79472
388 985 0.980828
388 15540 0.820782
389 7 1.53489
389 1144 1.80966
389 909 1.62225
390 2475 1.30331
390 23116 1.0818
390 10475 1.2306
391 582 2.31209
391 256 1.20174
391 231 1.13723
392 26878 0.938194
392 3037 0.940931
392 197 1.02771
393 4129 1.51941
393 4741 1.51778
393 2683 1.72959
394 13992 1.38675
394 91 1.60313
394 2862 1.3065
395 6524 1.30719
395 3020 1.76962
395 133 1.80934
396 4240 1.00791
396 1553 1.4223
396 15919 0.979958
397 968 1.29287
397 17566 1.26025
397 24594 1.26025
398 3673 0.982641
398 28388 1.14939
398 1532 1.00979
399 162 1.29554
399 332 1.33738
399 790 1.56539
400 14219 1.17579
400 3098 1.06096
400 14211 0.927478
401 881 1.8209
401 310 2.08542
401 1128 1.33037
402 982 1.29688
402 2187 1.43992
402 3506 1.35365
403 1385 1.56363
403 154 1.55021
403 3053 1.50647
404 22354 1.26711
404 3657 1.13294
404 1977 1.12711
405 172 1.50944
405 1143 1.39135
405 335 1.61429
406 2996 1.89589
406 22526 1.34164
406 10290 1.17851
407 2730 1.33544
407 2726 1.37291
407 1004 1.33345
408 3335 1.61672
408 5833 1.59455
408 1008 1.61095
409 6552 1.8329
409 2104 1.644
409 10338 1.54322
410 74 1.72544
410 2165 1.27171
410 23 1.29005
411 3903 1.48094
411 5707 1.99005
411 5785 1.58142
412 1570 1.18281
412 534 1.29661
412 75 1.37747
413 264 1.03148
413 286 1.45203
413 5727 1.16286
414 276 1.51615
414 28382 1.49741
414 17726 1.49741
415 5198 1.14327
415 10328 1.27496
415 87 1.37341
416 2989 1.03508
416 6822 1.0406
416 14430 0.955994
417 71 1.1769
417 7162 1.18378
417 146 1.97452
418 1245 1.83544
418 108 1.63077
418 1059 1.7853
419 323 1.95656
419 199 1.82863
419 585 1.53874
420 5965 1.24302
420 417 1.09113
420 233 1.01354
421 5885 1.56734
421 2296 1.55674
421 26832 1.29925
422 544 1.4908
422 666 1.90256
422 36 1.80862
423 2203 1.28514
423 730 1.83714
423 1341 1.19898
424 2834 1.58643
424 635 1.00638
424 38 1.27246
425 3703 1.51282
425 1544 1.94021
425 3933 1.51282
426 1232 1.65485
426 4570 1.3558
426 450 1.45203
427 158 1.25243
427 1445 1.33535
427 1297 1.57607
428 154 1.56171
428 483 1.89762
428 615 1.68243
429 231 1.17988
429 1712 1.07473
429 3291 1.18879
430 19100 1.08579
430 7384 1.14032
430 13945 1.08579
431 1729 1.51941
431 10 1.10478
431 2398 1.10221
432 240 1.30518
432 514 1.61898
432 7 1.24242
433 1928 1.67912
433 6069 1.61871
433 552 1.70581
434 3758 1.49595
434 2814 1.69862
434 32 1.54856
435 75 1.09301
435 2398 1.09504
435 896 1.26458
436 18632 1.30362
436 4545 1.77933
436 11040 1.36004
437 8602 1.47998
437 23367 1.17028
437 2009 1.82822
438 15670 1.25597
438 16253 0.949426
438 1575 0.906316
439 3835 1.42457
439 2 1.46776
439 2733 1.55653
440 290 1.8323
440 2577 1.18245
440 533 1.68088
441 616 1.15293
441 597 1.42378
441 3517 1.32955
442 936 1.14372
442 2395 1.56631
442 24647 1.16115
443 162 1.17587
443 3883 1.30111
443 2829 1.32511
444 8641 1.162
444 9821 0.979796
444 538 1.99052
445 3823 1.59042
445 1005 1.20719
445 18497 1.18182
446 231 1.19929
446 467 1.70537
446 1719 1.28586
447 3479 1.23304
447 7188 1.28889
447 1878 1.99107
448 1819 1.44419
448 765 1.36738
448 634 1.37448
449 1466 1.81096
449 1995 1.46947
449 2025 1.58575
450 426 1.45203
450 1318 1.59676
450 250 1.12892
451 1221 1.70101
451 192 2.25677
451 71 1.22124
452 1117 2.07611
452 3143 1.81523
452 1372 1.66053
453 3449 1.01595
453 1307 1.38043
453 6084 1.09735
454 5226 0.841442
454 524 0.791106
454 2619 0.84711
455 1818 2.07753
455 67 2.26627
455 1761 2.20597
456 2982 1.68241
456 6219 1.54008
456 253 1.9213
457 379 1.86007
457 1704 1.44532
457 3597 1.50802
458 3508 1.22782
458 6708 1.20718
458 12 1.14674
459 3073 1.00699
459 7588 1.13477
459 5570 1.15062
460 112 1.39383
460 7660 1.33973
460 6277 1.58938
461 430 1.0164
461 191 1.06138
461 2244 1.49162
462 148 1.05923
462 550 1.20804
462 62 1.05244
463 1397 1.1903
463 4992 1.23876
463 10310 1.14584
464 3077 1.38434
464 738 1.99541
464 184 2.09003
465 20212 1.37933
465 3504 1.39989
465 2224 1.36388
466 36 1.87991
466 303 1.94117
466 314 1.973
467 231 1.17985
467 166 1.16953
467 446 1.70537
468 1326 2.33465
468 27753 1.22885
468 1580 1.89791
469 13322 1.33565
469 19700 1.34715
469 4406 1.28058
470 6198 1.31583
470 24 1.31923
470 4566 1.36238
471 163 1.91827
471 16564 1.6375
471 2 1.80536
472 9419 1.01861
472 10891 1.07457
472 9525 1.06173
473 2150 0.996966
473 1309 1.04447
473 118 1.36297
474 11054 1.33668
474 15147 1.29202
474 21371 1.23905
475 18591 1.56092
475 23472 1.4381
475 13495 1.50914
476 719 1.18167
476 13543 1.1306
476 5827 1.3543
477 125 1.07516
477 688 1.16574
477 7746 1.01899
478 365 0.920818
478 536 0.909508
478 9398 0.9994
479 1045 1.3896
479 1275 1.32715
479 560 1.18824
480 403 1.36765
480 3053 1.36417
480 154 1.38835
481 5631 1.30511
481 2641 1.34182
481 26160 1.18322
482 3270 1.6581
482 4219 1.23802
482 4845 1.30876
483 615 1.52324
483 154 1.57908
483 428 1.89762
484 116 1.44421
484 171 1.40362
484 1751 1.43677
485 246 1.03733
485 2033 1.05625
485 25166 1.0243
486 165 1.51241
486 5413 1.79399
486 2537 2.02662
487 4294 1.0244
487 109 0.978163
487 1069 1.6579
488 3952 1.41065
488 1298 1.97426
488 7532 1.33808
489 586 1.63462
489 873 2.14538
489 3733 1.91694
490 1352 1.47673
490 634 1.85611
490 378 1.68165
491 1689 1.17292
491 144 1.16272
491 4478 1.07287
492 1182 0.848779
492 27245 0.855186
492 1114 0.918886
493 1292 1.9468
493 1644 1.48937
493 1665 1.52565
494 10104 0.86459
494 7359 1.13523
494 6630 0.782508
495 50 0.988908
495 1573 1.30835
495 4444 1.23247
496 6821 1.0543
496 8416 0.981496
496 6264 1.0025
497 1246 1.25653
497 3432 1.77536
497 25387 1.24184
498 7371 1.07707
498 865 1.39306
498 2757 1.21887
499 2578 2.1724
499 1879 1.74042
499 3869 1.74046
500 1493 1.20262
500 483 1.29827
500 428 1.34099
501 22185 0.984732
501 2070 0.872656
501 22266 0.904534
502 1031 1.641
502 2356 1.58822
502 2124 1.49359
503 583 1.235
503 7221 1.2915
503 3198 1.37112
504 9743 0.855236
504 15227 0.96214
504 2113 0.869302
505 26220 1.15728
505 246 1.55938
505 3152 1.41362
506 8952 1.29681
506 2855 1.39346
506 2374 1.36284
507 2946 1.58291
507 16029 1.56652
507 20 1.55364
508 667 1.3615
508 93 1.28231
508 3734 1.3672
509 3893 1.23685
509 1147 1.54787
509 5046 1.12373
510 3880 1.45617
510 732 1.20014
510 21399 1.28098
511 6516 1.56292
511 5715 1.65994
511 14315 1.4082
512 41 1.43481
512 82 1.37036
512 143 1.43507
513 4148 1.68242
513 189 1.49897
513 896 1.52796
514 432 1.61898
514 240 1.82029
514 832 1.86758
515 818 1.03938
515 2546 1.07952
515 24000 1.13835
516 4893 1.07464
516 1788 1.03042
516 1755 1.01745
517 4130 0.935528
517 3 1.07524
517 255 1.29356
518 9574 1.34533
518 6604 1.8304
518 539 1.42298
519 5853 1.26168
519 5358 1.4434
519 2443 1.85013
520 22285 1.09109
520 15322 1.09109
520 13751 1.09109
521 1596 1.30363
521 20 1.36111
521 507 1.29179
522 2424 2.02971
522 2536 1.74145
522 5078 1.64461
523 2799 1.57965
523 12272 1.3566
523 2750 1.94882
524 1170 1.09351
524 11309 1.07061
524 800 1.94586
525 223 1.71969
525 1774 1.26245
525 2895 1.23775
526 25166 1.066
526 1994 0.987765
526 26160 1.066
527 6301 1.79462
527 17275 1.48537
527 4641 1.61568
528 8925 1.44881
528 10561 1.04576
528 10374 1.03178
529 1566 1.76632
529 2265 1.45254
529 266 1.29171
530 12 1.27205
530 47 1.26664
530 1920 1.25726
531 4515 1.59081
531 558 2.1434
531 113 1.49988
532 3914 2.03441
532 26125 1.08609
532 8244 1.48668
533 440 1.68088
533 290 1.76693
533 2556 1.50911
534 412 1.29661
534 2260 1.26162
534 513 1.35566
535 1066 1.93089
535 1631 2.01657
535 2088 1.67669
536 1601 1.65073
536 382 1.74856
536 1013 1.49952
537 457 1.24387
537 1426 1.23298
537 7626 1.34404
538 7663 0.993266
538 8641 1.41003
538 444 1.99052
539 1055 1.80438
539 315 2.20475
539 157 2.22658
540 18 1.25778
540 9176 1.59529
540 11875 1.22937
541 2453 1.09288
541 2196 0.926562
541 545 0.972652
542 1881 1.49351
542 91 1.3954
542 258 1.51667
543 116 1.21096
543 18482 1.20484
543 8 1.15667
544 869 1.97183
544 265 1.65512
544 594 1.83879
545 24000 1.28388
545 1987 1.59945
545 4580 1.24207
546 24797 0.897122
546 18444 1.00702
546 1807 0.837444
547 8 1.23996
547 774 1.41251
547 7794 1.14604
548 1815 1.08926
548 4520 0.825896
548 2334 1.01519
549 3136 1.77095
549 85 1.11506
549 22503 0.94673
550 462 1.20804
550 7130 1.62459
550 2776 1.49892
551 4 1.237
551 128 1.37232
551 1124 1.4645
552 940 1.9763
552 433 1.70581
552 3993 1.74163
553 2061 1.10811
553 9280 1.11793
553 3512 1.33459
554 10544 1.29286
554 5870 1.67376
554 17499 1.36067
555 273 1.01909
555 22683 1.03459
555 1652 0.993548
556 6148 1.593
556 7394 1.4205
556 9402 1.41085
557 1672 1.36912
557 281 1.29734
557 270 1.311
558 4515 1.60973
558 531 2.1434
558 3000 1.57467
559 7894 1.16606
559 3708 1.29299
559 50 1.32057
560 479 1.18824
560 4856 1.15421
560 50 1.18961
561 3893 0.955134
561 23217 1.19296
561 17657 1.00943
562 2342 1.01252
562 6290 1.03695
562 5403 1.1037
563 53 1.3886
563 5207 1.54178
563 2041 1.49276
564 17063 0.70321
564 25177 0.676124
564 14136 0.785276
565 2498 1.80276
565 663 1.87944
565 2720 1.54055
566 1583 1.04628
566 48 1.16772
566 11711 1.06468
567 16319 0.643352
567 6839 0.635
567 2908 0.777596
568 23 1.29241
568 1001 1.76732
568 2 1.31291
569 6747 1.32278
569 331 1.52127
569 5880 1.25804
570 289 1.23021
570 184 1.58858
570 1633 1.92647
571 218 1.25405
571 144 1.20966
571 1236 1.51696
572 2667 1.15107
572 3741 1.32432
572 1919 1.17931
573 7916 1.52538
573 2610 1.59074
573 154 1.52209
574 3072 1.26688
574 137 1.28835
574 16 1.24396
575 1461 1.98494
575 6243 1.47014
575 2134 1.41371
576 539 1.65534
576 315 1.23268
576 157 1.40353
577 19654 1.13715
577 4807 1.28317
577 9718 1.12721
578 28219 0.895534
578 188 1.36373
578 5460 1.04186
579 9783 1.1718
579 4077 1.50612
579 64 1.53467
580 196 1.23696
580 3611 1.29398
580 226 1.09524
581 1157 1.20008
581 4 1.23139
581 7506 1.22759
582 691 1.46592
582 391 2.31209
582 256 1.23483
583 3198 1.68938
583 10712 1.50659
583 7221 1.67389
584 1712 1.40475
584 866 1.41074
584 231 1.39506
585 419 1.53874
585 199 1.68974
585 1499 2.00923
586 12192 1.31431
586 489 1.63462
586 3733 1.56475
587 3908 1.7903
587 2954 1.76015
587 7128 1.46472
588 1249 2.06922
588 14675 1.21885
588 6466 1.30744
589 1099 2.05074
589 2821 1.2562
589 1852 1.29269
590 1352 0.903758
590 11999 0.933138
590 11727 1.1547
591 625 1.67326
591 1814 0.955216
591 17404 1.18673
592 966 1.8443
592 20299 0.811108
592 26486 0.811108
593 61 1.09715
593 151 1.08438
593 231 1.09512
594 869 2.03683
594 1560 1.9456
594 544 1.83879
595 18 1.15639
595 5181 1.29034
595 4682 1.26676
596 613 1.02073
596 1193 1.22635
596 1698 1.64645
597 441 1.42378
597 893 1.14505
597 1781 1.50453
598 128 1.1737
598 4 1.00382
598 5059 1.10345
599 3063 1.37289
599 916 1.33706
599 5880 0.936686
600 958 1.60876
600 18503 1.17797
600 666 1.16541
601 7564 1.33687
601 5433 1.6638
601 16029 1.25412
602 1354 1.13435
602 24729 1.07349
602 2561 1.09859
603 21416 1.12006
603 81 1.02341
603 112 1.67032
604 1756 1.15628
604 4674 1.2517
604 3054 1.3125
605 1545 1.13398
605 534 1.11736
605 70 1.10444
606 1185 1.99484
606 6536 1.44173
606 1082 1.68897
607 7581 1.36438
607 1132 2.14551
607 2154 1.31048
608 17726 1.39739
608 1920 1.33834
608 992 1.33685
609 248 1.1974
609 663 1.22105
609 2050 1.76926
610 3742 1.93696
610 9709 1.39876
610 4918 1.78766
611 1205 1.94761
611 1 1.15357
611 191 1.15444
612 4624 1.6432
612 1959 1.63367
612 6068 1.35011
613 5250 1.34027
613 991 1.19552
613 1651 1.14112
614 3664 1.07953
614 5945 0.973873
614 446 0.99031
615 483 1.52324
615 428 1.68243
615 154 1.42088
616 3517 1.22018
616 28048 1.22902
616 751 1.2264
617 8142 1.04334
617 13381 1.11208
617 200 1.46725
618 2289 1.32455
618 710 1.47529
618 134 1.30004
619 9960 1.18732
619 6033 1.02793
619 8008 1.51612
620 9 1.07474
620 1044 0.963364
620 20560 0.95
621 4290 1.42561
621 2377 1.43057
621 8051 1.11749
622 405 1.28145
622 193 1.21973
622 1121 1.09037
623 912 1.29798
623 4821 1.47299
623 2216 1.91704
624 118 0.981341
624 2107 1.07705
624 9486 1.32221
625 2944 1.33919
625 591 1.67326
625 405 1.16193
626 703 2.04591
626 94 1.65859
626 186 1.64412
627 672 1.0369
627 71 1.22538
627 147 1.01092
628 1061 1.65082
628 39 1.64075
628 5282 1.36639
629 455 1.88216
629 1818 1.90776
629 67 1.96983
630 10156 0.888204
630 2439 0.967018
630 7617 1.1283
631 4402 1.22871
631 2130 1.3512
631 1478 1.26702
632 771 0.987018
632 455 0.963442
632 1651 0.958134
633 767 1.23862
633 652 1.29197
633 112 1.21425
634 490 1.85611
634 765 1.60861
634 378 1.56375
635 3794 1.8473
635 2036 1.82634
635 4032 1.77425
636 1400 1.16836
636 1795 0.821994
636 795 0.983524
637 168 1.3029
637 231 1.33902
637 1627 1.45335
638 139 1.93881
638 1434 1.22018
638 944 1.13889
639 3316 0.999184
639 16294 0.948684
639 1829 1.03241
640 5589 1.32512
640 4777 1.08124
640 2083 1.10488
641 215 1.38134
641 8195 1.19629
641 1931 1.33278
642 1135 1.09451
642 6296 1.55933
642 2644 1.88431
643 4300 1.72782
643 292 1.52054
643 1149 2.26476
644 851 1.77457
644 2480 1.06134
644 1905 1.2635
645 375 0.947206
645 683 1.19432
645 672 1.05194
646 3609 1.01716
646 12311 1.05088
646 5733 1.01074
647 949 0.76852
647 8511 0.772088
647 6936 0.86711
648 3177 1.36721
648 2511 1.27781
648 96 1.50683
649 25166 0.801784
649 3643 0.838628
649 26160 0.801784
650 10361 1.17806
650 4365 1.57601
650 17 1.2167
651 1080 1.35402
651 6382 1.27694
651 4657 1.21029
652 1207 1.21003
652 633 1.29197
652 319 1.56206
653 257 1.52672
653 302 1.0204
653 699 1.22987
654 299 2.22842
654 2506 1.69993
654 1109 2.04717
655 8955 1.42605
655 5819 1.54081
655 1015 1.35954
656 1668 1.68504
656 2 1.21023
656 12418 1.12497
657 64 1.38307
657 18278 0.94388
657 2058 0.957451
658 892 1.24741
658 62 1.73657
658 148 1.4704
659 43 1.09274
659 1729 1.10844
659 784 1.13925
660 31 1.39547
660 2695 1.62456
660 3253 1.52922
661 3868 1.22442
661 797 1.52546
661 11 1.18281
662 275 1.35323
662 12882 1.45313
662 5459 1.97419
663 38 1.38217
663 565 1.87944
663 2498 1.50644
664 6060 1.26717
664 134 1.25314
664 11688 1.26285
665 17049 1.42397
665 2579 1.45225
665 12585 1.46535
666 688 1.46509
666 1472 1.80124
666 422 1.90256
667 2572 1.26101
667 4303 1.24568
667 508 1.3615
668 1345 2.01442
668 704 2.2109
668 23 1.48144
669 2314 1.59608
669 5875 1.59396
669 868 2.2076
670 8828 1.33242
670 662 1.24386
670 4111 1.08616
671 214 1.59469
671 32 1.49994
671 175 1.5
672 247 1.23028
672 929 1.56865
672 71 1.21982
673 23074 1.19846
673 14794 1.2522
673 9399 1.1094
674 3498 1.57046
674 27049 0.98783
674 18529 1.15005
675 86 1.46878
675 2170 1.21313
675 1122 1.28514
676 1062 1.19369
676 705 1.2868
676 386 1.20096
677 4159 1.89866
677 5693 1.46641
677 4986 1.84288
678 15216 1.16216
678 1248 1.19896
678 26752 1.15153
679 5046 0.984732
679 1682 0.98387
679 4019 1.14058
680 1034 1.89177
680 1403 1.53608
680 806 1.86642
681 222 1.69
681 16029 1.06066
681 1190 1.57671
682 1124 1.25561
682 2910 1.71586
682 1267 1.45492
683 3244 1.31302
683 1527 2.02745
683 5450 1.20717
684 6419 1.12939
684 135 1.19739
684 7441 1.13722
685 12619 1.1183
685 171 1.10635
685 1751 1.16113
686 1151 1.39477
686 27 1.43739
686 2890 1.46305
687 774 1.40092
687 5949 1.69589
687 6994 1.52659
688 666 1.46509
688 1472 1.22588
688 4073 1.19499
689 8391 1.11568
689 3605 1.6893
689 8426 1.21854
690 3332 1.3315
690 2531 1.32957
690 2120 1.32957
691 2363 1.0593
691 582 1.46592
691 391 1.08676
692 27278 0.963086
692 154 0.875194
692 168 0.97308
693 14371 1.35657
693 4054 1.52066
693 7328 1.6887
694 900 2.02638
694 147 1.64598
694 40 1.57441
695 3233 1.82564
695 1505 2.05572
695 1201 2.50186
696 18 1.07279
696 2194 1.13471
696 1312 1.06181
697 17709 1.04926
697 10705 1.1368
697 2326 1.25411
698 111 1.53181
698 2418 1.5324
698 208 1.78948
699 171 1.44489
699 8025 2.08204
699 10440 1.43125
700 29 1.46913
700 132 1.83322
700 939 1.67147
701 1479 1.66584
701 1312 1.30789
701 3787 1.41517
702 893 1.31082
702 95 1.38742
702 38 1.57577
703 10260 1.53568
703 626 2.04591
703 7250 1.51263
704 1345 2.13392
704 668 2.2109
704 5902 1.64176
705 735 1.32594
705 324 2.20506
705 359 1.46697
706 380 1.29358
706 168 1.31066
706 231 1.29849
707 1240 1.79234
707 2093 1.43613
707 2824 1.20557
708 47 1.61351
708 7854 1.0953
708 6602 1.35146
709 6167 1.42067
709 11407 1.42862
709 2161 1.42971
710 618 1.47529
710 134 1.5282
710 2289 1.22262
711 4305 1.37256
711 3554 1.26477
711 1103 0.986258
712 14346 1.17004
712 218 1.17304
712 7215 1.24655
713 1757 1.74189
713 45 1.45749
713 127 1.72016
714 442 1.05006
714 12632 1.0612
714 7229 1.08186
715 36 1.38109
715 1270 1.85457
715 303 1.30019
716 21567 1.02774
716 5184 1.46554
716 12238 1.00623
717 2586 0.939077
717 2319 0.905056
717 22784 0.867699
718 2892 1.54485
718 1999 2.11738
718 2581 1.66221
719 1337 1.4553
719 114 1.3378
719 2451 1.26488
720 3300 1.74244
720 1862 1.74514
720 3495 1.69388
721 10876 1.29273
721 580 1.00477
721 1796 1.85845
722 13322 1.25
722 3365 1.26597
722 21706 1.27802
723 4928 1.11078
723 1398 1.1431
723 205 1.11609
724 7617 1.07211
724 2218 1.80708
724 5556 1.25075
725 2442 1.64914
725 4914 1.47248
725 2406 1.92129
726 1497 1.19338
726 7072 1.1317
726 1509 1.1728
727 718 1.27273
727 4561 1.61759
727 28430 1.33333
728 332 1.14415
728 26300 1.23865
728 27 1.06398
729 1499 1.23247
729 1017 1.37136
729 1262 1.45112
730 2203 1.74304
730 1279 1.4412
730 423 1.83714
731 1364 1.29399
731 10300 1.32966
731 12 1.35635
732 510 1.20014
732 3880 1.18739
732 21399 1.04447
733 1875 1.45731
733 5616 1.48748
733 1551 1.99961
734 530 1.20896
734 12 1.3543
734 47 1.18748
735 5492 1.4111
735 895 1.67616
735 324 1.43182
736 5 1.53279
736 3121 1.57761
736 3640 1.68854
737 149 1.5096
737 808 1.50323
737 19 1.58761
738 184 1.49875
738 3077 1.88634
738 464 1.99541
739 48 1.13831
739 4987 1.21733
739 55 1.18749
740 1358 1.1694
740 8290 1.14411
740 1970 1.82145
741 2907 1.11692
741 404 1.06623
741 2540 0.993811
742 468 1.07383
742 187 1.46784
742 36 1.07571
743 774 1.03712
743 134 1.06634
743 3594 1.13253
744 2301 1.20052
744 418 1.47018
744 108 1.26952
745 20742 0.847318
745 4631 1.11649
745 2235 0.937614
746 216 1.10776
746 3036 1.66484
746 5720 1.13798
747 4882 1.3518
747 4093 1.37104
747 2336 1.81332
748 97 1.38618
748 4937 1.35765
748 1276 2.14531
749 10708 0.852802
749 7190 1.1726
749 24464 0.721688
750 2741 1.17626
750 6164 1.26156
750 412 1.12767
751 9935 1.28285
751 4512 1.70766
751 4405 1.44007
752 18273 1.02774
752 4940 1.12315
752 20613 1.1619
753 16794 1.1414
753 2620 1.29268
753 215 1.1296
754 7052 1.40889
754 1313 1.58797
754 218 1.55037
755 9026 1.49255
755 6605 1.20776
755 3819 1.83953
756 20782 1.20949
756 231 1.09089
756 168 1.07627
757 23 1.5496
757 2 1.556
757 2280 1.66701
758 24060 1.2675
758 5390 1.7563
758 3487 1.04403
759 16029 1.33333
759 1424 1.66742
759 507 1.33154
760 1006 1.32676
760 7902 1.3409
760 16029 1.31701
761 826 1.89225
761 26525 0.914992
761 24587 0.954792
762 293 1.27413
762 325 1.15663
762 542 1.02509
763 7170 1.23772
763 158 1.02945
763 1297 0.909582
764 246 1.25727
764 805 1.26766
764 89 1.40172
765 378 1.41503
765 490 1.39183
765 634 1.60861
766 15 1.61625
766 23 1.5504
766 1409 1.67667
767 757 1.53189
767 23 1.51953
767 1979 1.58223
768 10115 1.23101
768 5937 1.23077
768 1502 1.25816
769 14 1.18297
769 34 1.16512
769 4876 1.47044
770 1711 2.06642
770 28003 1.14708
770 5010 1.22474
771 1293 1.88683
771 3206 1.50427
771 12694 1.12122
772 2123 1.04144
772 4491 1.26066
772 1563 1.00976
773 3222 1.38417
773 866 1.97558
773 584 1.15123
774 386 1.5696
774 31 1.47889
774 1074 1.45808
775 1717 1.17594
775 3750 1.16237
775 3359 1.14816
776 6014 1.08865
776 819 1.95114
776 3970 1.03796
777 16127 1.27
777 8593 1.27094
777 1005 2.0738
778 19002 0.876794
778 884 0.833244
778 13351 0.821994
779 16029 1.17108
779 1464 1.96368
779 8576 1.22974
780 303 1.38793
780 466 1.5274
780 36 1.44347
781 264 1.54184
781 17616 1.09204
781 165 1.22631
782 3215 1.70042
782 507 1.24258
782 6907 1.29304
783 287 1.24333
783 26160 1.3484
783 25166 1.3484
784 659 1.13925
784 986 1.75308
784 12245 1.23573
785 168 1.40402
785 154 1.35377
785 218 1.41569
786 137 1.04939
786 282 1.79913
786 17 1.12546
787 2528 2.04273
787 2341 1.34508
787 6128 1.20386
788 1407 2.18453
788 2472 1.70963
788 923 2.30109
789 10230 0.900366
789 1546 1.34586
789 15119 1.07763
790 399 1.56539
790 8737 1.12976
790 4298 1.2069
791 9826 1.14367
791 4933 1.58629
791 373 1.12225
792 616 0.862796
792 441 0.915162
792 600 0.82996
793 332 1.28359
793 14966 1.26212
793 4781 1.7565
794 3366 0.924193
794 26036 1.04762
794 18461 1.24007
795 722 1.17292
795 1182 1.27483
795 475 1.2291
796 9407 0.890381
796 2686 0.971244
796 10206 0.936974
797 5580 1.28606
797 661 1.52546
797 11 1.2265
798 16029 1.38621
798 507 1.30291
798 558 1.24752
799 363 1.48222
799 20926 1.09091
799 8554 1.40394
800 4423 0.913691
800 1170 0.92701
800 524 1.94586
801 6814 1.41913
801 7739 1.15241
801 3052 1.62301
802 10885 1.1127
802 8097 1.45569
802 3367 1.79505
803 9281 0.767142
803 1601 0.740983
803 15928 0.701862
804 22995 0.907486
804 26160 1.02899
804 25166 1.02899
805 5567 1.28778
805 1788 1.30224
805 2808 1.5166
806 1034 2.55588
806 680 1.86642
806 1403 2.21074
807 2186 1.32166
807 207 1.40198
807 6802 0.961612
808 2293 1.70792
808 1803 1.57898
808 149 1.95152
809 1196 1.23243
809 3545 1.63041
809 2239 1.95557
810 29 1.06173
810 1406 0.935395
810 26185 0.875
811 9473 1.70949
811 10732 1.20949
811 6705 1.91659
812 5259 1.42038
812 6 1.38606
812 53 1.26512
813 2879 1.8663
813 10096 1.61245
813 245 1.36446
814 3330 1.83001
814 2131 2.03574
814 1184 2.58793
815 7228 1.1007
815 1600 2.00684
815 1898 2.01952
816 112 1.08743
816 3399 1.32307
816 109 1.35894
817 1938 1.16696
817 421 0.9684
817 1976 1.07136
818 108 1.21927
818 4 1.30276
818 65 1.4113
